id,company_id,year,sales,expenses,operating_profit,opm_percentage,other_income,interest,depreciation,profit_before_tax,tax_percentage,net_profit,eps,dividend_payout,fiscal_year,sort_order,is_ttm,net_profit_margin_pct,expense_ratio_pct,interest_coverage
61,ABB,Dec 2012,1653,1451,202.0,12.0,33,0,19,215,33.0,145,68.0,25.0,2012,201201,False,8.771929824561402,87.77979431336964,
62,ABB,Mar 2014,2276,2009,267.0,12.0,49,0,22,295,33.0,198,93.0,25.0,2014,201404,False,8.699472759226714,88.2688927943761,
63,ABB,Mar 2015,2289,1977,312.0,14.0,48,0,15,344,34.0,229,108.0,29.0,2015,201504,False,10.004368719965049,86.36959370904324,
64,ABB,Mar 2016,2614,2250,365.0,14.0,50,3,14,398,36.0,255,120.0,29.0,2016,201604,False,9.755164498852334,86.07498087222648,121.66666666666667
65,ABB,Mar 2017,2903,2505,398.0,14.0,57,2,16,436,37.0,277,130.0,31.0,2017,201704,False,9.541853255253187,86.29004478126076,199.0
66,ABB,Mar 2018,3298,2774,525.0,16.0,117,4,16,621,35.0,401,189.0,29.0,2018,201804,False,12.15888417222559,84.11158277744087,131.25
67,ABB,Mar 2019,3679,3074,605.0,16.0,113,2,17,699,36.0,450,212.0,31.0,2019,201904,False,12.231584669747214,83.55531394400653,302.5
68,ABB,Mar 2020,4093,3336,757.0,18.0,114,9,60,803,26.0,593,279.0,90.0,2020,202004,False,14.488150500855118,81.50500855118496,84.11111111111111
69,ABB,Mar 2021,4310,3388,922.0,21.0,81,18,58,926,25.0,691,325.0,85.0,2021,202104,False,16.03248259860789,78.60788863109049,51.22222222222222
70,ABB,Mar 2022,4913,3832,1082.0,22.0,83,19,66,1080,26.0,799,376.0,73.0,2022,202204,False,16.26297577854671,77.99715041726033,56.94736842105263
71,ABB,Mar 2023,5349,4143,1206.0,23.0,154,16,70,1274,25.0,949,447.0,73.0,2023,202304,False,17.74163395027108,77.45372966909703,75.375
72,ABB,Mar 2024,5849,4396,1453.0,25.0,248,12,71,1618,26.0,1201,565.0,73.0,2024,202404,False,20.533424517011454,75.15814669174217,121.08333333333333
73,ABB,TTM,6066,4519,1547.0,26.0,265,11,72,1728,,1285,605.0,,9999,99999,True,21.183646554566433,74.49719749423014,140.63636363636363
86,ADANIENSOL,Mar 2014,0,0,0.0,,0,0,0,0,0.0,0,0.0,,2014,201404,False,,,
87,ADANIENSOL,Mar 2015,131,29,101.0,78.0,3,73,37,-5,34.0,-7,0.0,0.0,2015,201504,False,-5.343511450381679,22.137404580152673,1.3835616438356164
88,ADANIENSOL,Mar 2016,2194,267,1927.0,88.0,70,957,560,480,23.0,368,3.0,0.0,2016,201604,False,16.773017319963536,12.169553327256153,2.013584117032393
89,ADANIENSOL,Mar 2017,2876,893,1983.0,69.0,22,904,569,532,22.0,416,4.0,0.0,2017,201704,False,14.464534075104313,31.050069541029206,2.1935840707964602
90,ADANIENSOL,Mar 2018,3944,1118,2826.0,72.0,111,886,579,1472,22.0,1143,10.0,0.0,2018,201804,False,28.98073022312373,28.346855983772816,3.1896162528216703
91,ADANIENSOL,Mar 2019,7305,4528,2778.0,38.0,336,1391,882,840,33.0,559,5.0,0.0,2019,201904,False,7.652292950034223,61.98494182067077,1.9971243709561466
92,ADANIENSOL,Mar 2020,11416,7158,4258.0,37.0,261,2238,1174,1107,36.0,706,7.0,0.0,2020,202004,False,6.184302733006307,62.70147161878066,1.902591599642538
93,ADANIENSOL,Mar 2021,9926,5976,3950.0,40.0,1115,2117,1329,1620,20.0,1290,11.0,0.0,2021,202104,False,12.996171670360667,60.20552085432198,1.8658478979688238
94,ADANIENSOL,Mar 2022,11258,7051,4206.0,37.0,1286,2365,1427,1700,27.0,1236,11.0,0.0,2022,202204,False,10.978859477704743,62.63101794279623,1.7784355179704017
95,ADANIENSOL,Mar 2023,13293,8775,4518.0,34.0,1583,2781,1608,1712,25.0,1281,11.0,0.0,2023,202304,False,9.636650868878357,66.01218686526742,1.6245954692556634
96,ADANIENSOL,Mar 2024,16607,10896,5711.0,30.0,611,2767,1776,1780,33.0,1196,10.0,0.0,2024,202404,False,7.201782380923707,65.61088697537183,2.063968196602819
97,ADANIENSOL,TTM,22099,15507,6592.0,,-844,3183,1912,653,,589,6.0,,9999,99999,True,2.665278971899181,70.17059595456809,2.0710021991831606
98,ADANIENT,Mar 2013,46375,40354,6021.0,13.0,1775,3492,2298,2005,39.0,1218,15.0,10.0,2013,201304,False,2.6264150943396225,87.0167115902965,1.7242268041237114
99,ADANIENT,Mar 2014,54947,45564,9383.0,17.0,1157,5703,3223,1614,-64.0,2646,20.0,7.0,2014,201404,False,4.815549529546654,82.92354450652446,1.6452744169735227
100,ADANIENT,Mar 2015,64465,52015,12450.0,19.0,792,7056,3522,2663,14.0,2298,18.0,8.0,2015,201504,False,3.564725044597844,80.68719460172187,1.7644557823129252
101,ADANIENT,Mar 2016,34008,32325,1684.0,5.0,1044,1357,314,1056,7.0,1000,9.0,4.0,2016,201604,False,2.9404845918607387,95.05116443189837,1.2409727339719971
102,ADANIENT,Mar 2017,36533,34631,1902.0,5.0,749,1257,315,1079,25.0,925,9.0,4.0,2017,201704,False,2.5319574083705145,94.79374811813976,1.5131264916467781
103,ADANIENT,Mar 2018,35924,33886,2038.0,6.0,363,1250,664,487,23.0,594,7.0,6.0,2018,201804,False,1.653490702594366,94.32691237056007,1.6304
104,ADANIENT,Mar 2019,40379,38409,1969.0,5.0,504,1625,390,459,32.0,506,7.0,6.0,2019,201904,False,1.2531266252259838,95.12122638004904,1.2116923076923076
105,ADANIENT,Mar 2020,43403,41108,2294.0,5.0,872,1572,472,1122,29.0,1040,10.0,10.0,2020,202004,False,2.3961477317236133,94.71234707278299,1.4592875318066159
106,ADANIENT,Mar 2021,39537,37031,2506.0,6.0,494,1377,537,1086,31.0,1046,8.0,12.0,2021,202104,False,2.645623087234742,93.66163340668234,1.8198983297022513
107,ADANIENT,Mar 2022,69420,65707,3714.0,5.0,1012,2526,1248,952,50.0,788,7.0,14.0,2022,202204,False,1.135119562085854,94.65139729184673,1.4703087885985748
108,ADANIENT,Mar 2023,127540,118722,8818.0,7.0,834,3969,2436,3247,32.0,2422,22.0,6.0,2023,202304,False,1.899012074643249,93.08609063823114,2.2217183169564123
109,ADANIENT,Mar 2024,96421,85044,11377.0,12.0,1146,4555,3042,4926,33.0,3335,28.0,5.0,2024,202404,False,3.458790097592848,88.2007031663227,2.497694840834248
110,ADANIENT,TTM,102311,88418,13893.0,14.0,1489,4150,3541,7691,,6086,49.0,,9999,99999,True,5.948529483633235,86.42081496613268,3.347710843373494
111,ADANIGREEN,Mar 2017,502,98,403.0,80.0,80,334,333,-184,-75.0,-47,0.0,0.0,2017,201704,False,-9.362549800796813,19.52191235059761,1.2065868263473054
112,ADANIGREEN,Mar 2018,1480,637,843.0,57.0,42,552,543,-210,-35.0,-138,-1.0,0.0,2018,201804,False,-9.324324324324325,43.04054054054054,1.5271739130434783
113,ADANIGREEN,Mar 2019,2058,532,1526.0,74.0,73,1121,1062,-585,-19.0,-475,-3.0,0.0,2019,201904,False,-23.080660835762874,25.850340136054424,1.3612845673505798
114,ADANIGREEN,Mar 2020,2549,1098,1450.0,57.0,-111,995,394,-50,23.0,-68,0.0,0.0,2020,202004,False,-2.6677128285602194,43.0757159670459,1.4572864321608041
115,ADANIGREEN,Mar 2021,3124,883,2241.0,72.0,391,1953,486,193,6.0,182,1.0,0.0,2021,202104,False,5.8258642765685025,28.26504481434059,1.1474654377880185
116,ADANIGREEN,Mar 2022,5133,1621,3512.0,68.0,507,2617,849,553,12.0,489,3.0,0.0,2022,202204,False,9.526592635885448,31.579972725501655,1.3419946503630111
117,ADANIGREEN,Mar 2023,7776,2806,4970.0,64.0,667,2911,1300,1426,32.0,973,6.0,0.0,2023,202304,False,12.512860082304528,36.08539094650205,1.7073170731707317
118,ADANIGREEN,Mar 2024,9220,1902,7318.0,79.0,1262,5006,1903,1671,25.0,1260,7.0,0.0,2024,202404,False,13.665943600867678,20.629067245119305,1.4618457850579305
119,ADANIGREEN,TTM,10782,2682,8100.0,75.0,891,4959,2323,1709,,1928,9.0,0.0,9999,99999,True,17.881654609534408,24.874791318864776,1.633393829401089
120,ADANIPORTS,Mar 2013,3577,1195,2382.0,67.0,344,542,422,1762,7.0,1639,8.0,12.0,2013,201304,False,45.820519988817445,33.407883701425774,4.394833948339484
121,ADANIPORTS,Mar 2014,4830,1910,2919.0,60.0,685,977,649,1978,12.0,1741,8.0,12.0,2014,201404,False,36.04554865424431,39.54451345755693,2.9877175025588536
122,ADANIPORTS,Mar 2015,6152,2250,3902.0,63.0,686,1175,912,2501,7.0,2324,11.0,10.0,2015,201504,False,37.77633289986996,36.57347204161248,3.3208510638297875
123,ADANIPORTS,Mar 2016,7109,2532,4577.0,64.0,730,1124,1063,3119,9.0,2856,14.0,8.0,2016,201604,False,40.17442678295119,35.616823744549166,4.072064056939502
124,ADANIPORTS,Mar 2017,8439,3021,5418.0,64.0,1037,1116,1160,4179,7.0,3902,19.0,7.0,2017,201704,False,46.23770588932338,35.798080341272666,4.854838709677419
125,ADANIPORTS,Mar 2018,11323,4166,7157.0,63.0,844,1579,1188,5234,30.0,3690,18.0,11.0,2018,201804,False,32.588536606906295,36.792369513379846,4.532615579480684
126,ADANIPORTS,Mar 2019,10925,4330,6596.0,60.0,1289,1385,1373,5126,21.0,4045,19.0,1.0,2019,201904,False,37.02517162471396,39.63386727688788,4.76245487364621
127,ADANIPORTS,Mar 2020,11873,5926,5947.0,50.0,1928,1951,1680,4244,11.0,3785,19.0,17.0,2020,202004,False,31.8790533142424,49.91156405289312,3.0481804202972835
128,ADANIPORTS,Mar 2021,12550,3862,8688.0,69.0,1967,2255,2107,6292,20.0,5049,25.0,20.0,2021,202104,False,40.23107569721115,30.772908366533862,3.852771618625277
129,ADANIPORTS,Mar 2022,17119,7591,9528.0,56.0,1832,2544,3099,5717,13.0,4953,23.0,22.0,2022,202204,False,28.93276476429698,44.34254337286057,3.7452830188679247
130,ADANIPORTS,Mar 2023,20852,9905,10947.0,52.0,327,2363,3425,5487,2.0,5391,25.0,20.0,2023,202304,False,25.85363514291195,47.501438710915025,4.632670334320778
131,ADANIPORTS,Mar 2024,26711,11121,15589.0,58.0,671,2733,3888,9639,16.0,8104,38.0,16.0,2024,202404,False,30.339560480700833,41.63453258956984,5.7039882912550315
132,ADANIPORTS,TTM,28443,11278,17165.0,60.0,1039,2591,4053,11560,,9743,45.0,,9999,99999,True,34.25447386000071,39.651232289139685,6.624855268236202
133,ADANIPORTS,Mar 2013,3577,1195,2382.0,67.0,344,542,422,1762,7.0,1639,8.0,12.0,2013,201304,False,45.820519988817445,33.407883701425774,4.394833948339484
134,ADANIPORTS,Mar 2014,4830,1910,2919.0,60.0,685,977,649,1978,12.0,1741,8.0,12.0,2014,201404,False,36.04554865424431,39.54451345755693,2.9877175025588536
135,ADANIPORTS,Mar 2015,6152,2250,3902.0,63.0,686,1175,912,2501,7.0,2324,11.0,10.0,2015,201504,False,37.77633289986996,36.57347204161248,3.3208510638297875
136,ADANIPORTS,Mar 2016,7109,2532,4577.0,64.0,730,1124,1063,3119,9.0,2856,14.0,8.0,2016,201604,False,40.17442678295119,35.616823744549166,4.072064056939502
137,ADANIPORTS,Mar 2017,8439,3021,5418.0,64.0,1037,1116,1160,4179,7.0,3902,19.0,7.0,2017,201704,False,46.23770588932338,35.798080341272666,4.854838709677419
138,ADANIPORTS,Mar 2018,11323,4166,7157.0,63.0,844,1579,1188,5234,30.0,3690,18.0,11.0,2018,201804,False,32.588536606906295,36.792369513379846,4.532615579480684
139,ADANIPORTS,Mar 2019,10925,4330,6596.0,60.0,1289,1385,1373,5126,21.0,4045,19.0,1.0,2019,201904,False,37.02517162471396,39.63386727688788,4.76245487364621
140,ADANIPORTS,Mar 2020,11873,5926,5947.0,50.0,1928,1951,1680,4244,11.0,3785,19.0,17.0,2020,202004,False,31.8790533142424,49.91156405289312,3.0481804202972835
141,ADANIPORTS,Mar 2021,12550,3862,8688.0,69.0,1967,2255,2107,6292,20.0,5049,25.0,20.0,2021,202104,False,40.23107569721115,30.772908366533862,3.852771618625277
142,ADANIPORTS,Mar 2022,17119,7591,9528.0,56.0,1832,2544,3099,5717,13.0,4953,23.0,22.0,2022,202204,False,28.93276476429698,44.34254337286057,3.7452830188679247
143,ADANIPORTS,Mar 2023,20852,9905,10947.0,52.0,327,2363,3425,5487,2.0,5391,25.0,20.0,2023,202304,False,25.85363514291195,47.501438710915025,4.632670334320778
144,ADANIPORTS,Mar 2024,26711,11121,15589.0,58.0,671,2733,3888,9639,16.0,8104,38.0,16.0,2024,202404,False,30.339560480700833,41.63453258956984,5.7039882912550315
145,ADANIPORTS,TTM,28443,11278,17165.0,60.0,1039,2591,4053,11560,,9743,45.0,,9999,99999,True,34.25447386000071,39.651232289139685,6.624855268236202
146,ADANIPOWER,Mar 2013,6692,5732,960.0,14.0,215,1703,1290,-1818,26.0,-2295,-10.0,0.0,2013,201304,False,-34.294680215182304,85.65451285116558,0.5637110980622431
147,ADANIPOWER,Mar 2014,15328,10735,4593.0,30.0,137,4162,1937,-1370,-79.0,-291,-1.0,0.0,2014,201404,False,-1.8984864300626305,70.03522964509395,1.1035559827006247
148,ADANIPOWER,Mar 2015,18683,14005,4678.0,25.0,1188,4864,1818,-816,0.0,-816,-3.0,0.0,2015,201504,False,-4.367606915377617,74.96119466895038,0.9617598684210527
149,ADANIPOWER,Mar 2016,25377,16575,8802.0,35.0,-201,5560,2666,375,-47.0,551,2.0,0.0,2016,201604,False,2.171257437837412,65.3150490601726,1.5830935251798561
150,ADANIPOWER,Mar 2017,22616,16635,5980.0,26.0,-3666,5902,2672,-6260,-1.0,-6174,-16.0,0.0,2017,201704,False,-27.299257163070394,73.55412097629997,1.013215859030837
151,ADANIPOWER,Mar 2018,20304,14868,5436.0,27.0,754,5570,2699,-2079,0.0,-2103,-5.0,0.0,2018,201804,False,-10.35756501182033,73.22695035460993,0.9759425493716337
152,ADANIPOWER,Mar 2019,23884,18901,4983.0,21.0,2448,5657,2751,-976,1.0,-984,-3.0,0.0,2019,201904,False,-4.119912912409982,79.13666052587506,0.8808555771610395
153,ADANIPOWER,Mar 2020,26468,20734,5734.0,22.0,323,5315,3006,-2265,0.0,-2275,-6.0,0.0,2020,202004,False,-8.595284872298626,78.33610397461085,1.0788334901222953
154,ADANIPOWER,Mar 2021,26221,17533,8688.0,33.0,1909,5106,3202,2289,45.0,1270,3.0,0.0,2021,202104,False,4.84344609282636,66.86625224057053,1.701527614571093
155,ADANIPOWER,Mar 2022,27711,17830,9881.0,36.0,3908,4095,3118,6577,25.0,4912,13.0,0.0,2022,202204,False,17.725812854101257,64.34267980224459,2.412942612942613
156,ADANIPOWER,Mar 2023,38773,28677,10096.0,26.0,4216,3334,3304,7675,-40.0,10727,28.0,0.0,2023,202304,False,27.666159440848016,73.96126170273128,3.0281943611277744
157,ADANIPOWER,Mar 2024,50351,32124,18228.0,36.0,9883,3388,3931,20792,0.0,20829,54.0,0.0,2024,202404,False,41.36759945184802,63.80012313558817,5.380165289256198
158,ADANIPOWER,TTM,54650,33685,20965.0,38.0,2124,3235,4046,15808,,12686,33.0,,9999,99999,True,23.213174748398902,61.63769441903019,6.4806800618238025
159,AMBUJACEM,Dec 2012,9749,7276,2473.0,25.0,69,78,569,1896,32.0,1292,8.0,43.0,2012,201201,False,13.252641296543235,74.63329572263821,31.705128205128204
160,AMBUJACEM,Dec 2013,9161,7492,1669.0,18.0,390,67,494,1498,15.0,1278,8.0,44.0,2013,201301,False,13.950442091474729,81.78146490557799,24.91044776119403
161,AMBUJACEM,Dec 2014,9955,8022,1934.0,19.0,419,66,513,1774,16.0,1487,10.0,46.0,2014,201401,False,14.937217478653944,80.58262179809141,29.303030303030305
162,AMBUJACEM,Dec 2015,9437,7895,1542.0,16.0,353,92,630,1173,31.0,808,5.0,54.0,2015,201501,False,8.562043022146868,83.66006146020982,16.76086956521739
163,AMBUJACEM,Dec 2016,20094,16913,3181.0,16.0,441,153,1461,2008,29.0,1434,6.0,50.0,2016,201601,False,7.136458644371454,84.16940380212999,20.790849673202615
164,AMBUJACEM,Dec 2017,23609,19751,3858.0,16.0,335,206,1219,2768,30.0,1945,8.0,47.0,2017,201701,False,8.238383667245541,83.65877419628109,18.728155339805824
165,AMBUJACEM,Dec 2018,26041,22030,4011.0,15.0,232,170,1154,2919,-2.0,2973,11.0,14.0,2018,201801,False,11.416612265273992,84.59736569256174,23.594117647058823
166,AMBUJACEM,Dec 2019,27104,22507,4597.0,17.0,601,170,1153,3875,28.0,2783,11.0,14.0,2019,201901,False,10.267857142857142,83.03940377804014,27.041176470588237
167,AMBUJACEM,Dec 2020,24516,19511,5006.0,20.0,288,140,1162,3992,22.0,3107,12.0,151.0,2020,202001,False,12.673356175558819,79.58476097242617,35.75714285714286
168,AMBUJACEM,Dec 2021,28965,22755,6210.0,21.0,252,146,1152,5164,28.0,3711,14.0,45.0,2021,202101,False,12.812014500258934,78.56033143448991,42.534246575342465
169,AMBUJACEM,Mar 2023 15,38937,33815,5122.0,13.0,447,195,1645,3729,19.0,3024,13.0,19.0,2023,202304,False,7.766391863779952,86.84541695559493,26.266666666666666
170,AMBUJACEM,Mar 2024,33160,26760,6400.0,19.0,1401,276,1623,5901,20.0,4738,16.0,12.0,2024,202404,False,14.288299155609169,80.69963811821471,23.18840579710145
171,AMBUJACEM,TTM,32850,27028,5822.0,18.0,1230,298,1899,4856,,3871,13.0,,9999,99999,True,11.78386605783866,82.27701674277017,19.536912751677853
172,APOLLOHOSP,Mar 2013,3769,3157,612.0,16.0,33,103,142,399,26.0,303,22.0,25.0,2013,201304,False,8.039267710267975,83.76227115945875,5.941747572815534
173,APOLLOHOSP,Mar 2014,4357,3681,676.0,16.0,18,119,168,407,25.0,315,23.0,25.0,2014,201404,False,7.229745237548772,84.4847372044985,5.680672268907563
174,APOLLOHOSP,Mar 2015,5129,4392,737.0,14.0,47,118,212,455,29.0,335,24.0,24.0,2015,201504,False,6.531487619418989,85.63072723727822,6.245762711864407
175,APOLLOHOSP,Mar 2016,6150,5465,684.0,11.0,92,180,264,332,29.0,235,17.0,35.0,2016,201604,False,3.8211382113821135,88.86178861788619,3.8
176,APOLLOHOSP,Mar 2017,7256,6522,734.0,10.0,60,257,314,222,41.0,131,16.0,38.0,2017,201704,False,1.8054024255788312,89.88423373759647,2.8560311284046693
177,APOLLOHOSP,Mar 2018,8243,7442,801.0,10.0,24,295,359,171,65.0,60,8.0,59.0,2018,201804,False,0.7278903311901006,90.28266407861216,2.7152542372881356
178,APOLLOHOSP,Mar 2019,9617,8548,1070.0,11.0,26,327,396,373,47.0,200,17.0,35.0,2019,201904,False,2.0796506186960593,88.88426744306956,3.27217125382263
179,APOLLOHOSP,Mar 2020,11247,9656,1591.0,14.0,222,533,620,660,34.0,432,33.0,18.0,2020,202004,False,3.841024273139504,85.85400551258114,2.9849906191369606
180,APOLLOHOSP,Mar 2021,10560,9420,1140.0,11.0,103,449,573,221,38.0,137,10.0,29.0,2021,202104,False,1.2973484848484849,89.20454545454545,2.538975501113586
181,APOLLOHOSP,Mar 2022,14663,12474,2189.0,15.0,368,379,601,1578,30.0,1108,73.0,16.0,2022,202204,False,7.556434563186251,85.07126781695425,5.775725593667546
182,APOLLOHOSP,Mar 2023,16612,14548,2065.0,12.0,75,381,615,1144,22.0,844,57.0,26.0,2023,202304,False,5.080664579821816,87.57524680953527,5.41994750656168
183,APOLLOHOSP,Mar 2024,19059,16665,2394.0,13.0,105,449,687,1362,33.0,935,63.0,26.0,2024,202404,False,4.905818773282963,87.43900519439634,5.33184855233853
184,APOLLOHOSP,TTM,20469,17725,2745.0,13.0,158,466,719,1719,,1224,82.0,,9999,99999,True,5.979774292833065,86.59436220626313,5.890557939914163
185,ASIANPAINT,Mar 2013,10504,8767,1737.0,17.0,114,42,155,1655,30.0,1160,12.0,40.0,2013,201304,False,11.043412033511043,83.46344249809596,41.357142857142854
186,ASIANPAINT,Mar 2014,12220,10217,2004.0,16.0,124,48,246,1834,31.0,1263,13.0,42.0,2014,201404,False,10.335515548281506,83.6088379705401,41.75
187,ASIANPAINT,Mar 2015,13615,11372,2243.0,16.0,142,42,266,2077,31.0,1427,15.0,42.0,2015,201504,False,10.481087036356959,83.52552331986779,53.404761904761905
188,ASIANPAINT,Mar 2016,14271,11546,2725.0,19.0,213,49,276,2614,32.0,1803,18.0,41.0,2016,201604,False,12.634013033424427,80.90533249246724,55.61224489795919
189,ASIANPAINT,Mar 2017,15062,12068,2994.0,20.0,338,37,335,2960,32.0,2016,20.0,51.0,2017,201704,False,13.384676669764971,80.12216173150975,80.91891891891892
190,ASIANPAINT,Mar 2018,16825,13621,3204.0,19.0,336,41,360,3138,33.0,2098,21.0,41.0,2018,201804,False,12.469539375928678,80.95690936106983,78.14634146341463
191,ASIANPAINT,Mar 2019,19240,15475,3765.0,20.0,274,110,622,3306,33.0,2208,22.0,47.0,2019,201904,False,11.476091476091476,80.43139293139293,34.22727272727273
192,ASIANPAINT,Mar 2020,20211,16054,4157.0,21.0,355,102,780,3629,24.0,2774,28.0,43.0,2020,202004,False,13.725199148978279,79.43199247934292,40.754901960784316
193,ASIANPAINT,Mar 2021,21713,16857,4856.0,22.0,332,92,791,4304,26.0,3207,33.0,55.0,2021,202104,False,14.769953484087875,77.63551789250678,52.78260869565217
194,ASIANPAINT,Mar 2022,29101,24298,4804.0,17.0,296,95,816,4188,26.0,3085,32.0,61.0,2022,202204,False,10.60101027456101,83.49541252877908,50.56842105263158
195,ASIANPAINT,Mar 2023,34489,28229,6260.0,18.0,431,144,858,5689,26.0,4195,43.0,60.0,2023,202304,False,12.163298442981821,81.84928527936444,43.47222222222222
196,ASIANPAINT,Mar 2024,35495,27910,7585.0,21.0,821,205,853,7348,24.0,5558,57.0,58.0,2024,202404,False,15.658543456824905,78.6307930694464,37.0
197,ASIANPAINT,TTM,34831,28150,6681.0,19.0,616,227,916,6155,,4631,48.0,,9999,99999,True,13.295627458298643,80.81881082943354,29.431718061674008
198,ATGL,Mar 2018,1374,1008,366.0,27.0,80,125,61,259,36.0,162,6.0,0.0,2018,201804,False,11.790393013100436,73.36244541484717,2.928
199,ATGL,Mar 2019,1719,1264,455.0,26.0,59,90,67,357,36.0,229,2.0,12.0,2019,201904,False,13.321698662012798,73.53112274578243,5.055555555555555
200,ATGL,Mar 2020,1875,1280,595.0,32.0,44,41,51,547,20.0,436,4.0,6.0,2020,202004,False,23.253333333333334,68.26666666666667,14.512195121951219
201,ATGL,Mar 2021,1696,991,704.0,42.0,30,40,63,631,25.0,463,4.0,6.0,2021,202104,False,27.299528301886795,58.431603773584904,17.6
202,ATGL,Mar 2022,3038,2265,773.0,25.0,46,53,83,684,26.0,509,5.0,5.0,2022,202204,False,16.754443712969056,74.55562870309414,14.584905660377359
203,ATGL,Mar 2023,4378,3508,870.0,20.0,54,78,113,733,25.0,546,5.0,5.0,2023,202304,False,12.47144814984011,80.1279122887163,11.153846153846153
204,ATGL,Mar 2024,4475,3371,1104.0,25.0,62,111,158,896,26.0,668,6.0,4.0,2024,202404,False,14.927374301675977,75.3296089385475,9.945945945945946
205,ATGL,TTM,4826,3672,1153.0,24.0,52,106,199,900,,668,6.0,,9999,99999,True,13.841690841276419,76.08785743887277,10.877358490566039
206,BAJAJ-AUTO,Mar 2013,20025,16370,3656.0,18.0,790,1,168,4277,29.0,3133,108.0,42.0,2013,201304,False,15.645443196004994,81.7478152309613,3656.0
207,BAJAJ-AUTO,Mar 2014,20137,15974,4163.0,21.0,674,1,181,4655,31.0,3380,117.0,43.0,2014,201404,False,16.785022595222724,79.32661270298456,4163.0
208,BAJAJ-AUTO,Mar 2015,21595,17467,4128.0,19.0,228,6,267,4083,31.0,3026,105.0,48.0,2015,201504,False,14.012502894188469,80.88446399629544,688.0
209,BAJAJ-AUTO,Mar 2016,22574,17781,4793.0,21.0,1194,1,307,5679,28.0,4061,140.0,39.0,2016,201604,False,17.989722689820148,78.76760875343315,4793.0
210,BAJAJ-AUTO,Mar 2017,21755,17326,4429.0,20.0,1468,1,307,5588,27.0,4079,141.0,39.0,2017,201704,False,18.7497127097219,79.64146173293496,4429.0
211,BAJAJ-AUTO,Mar 2018,25210,20364,4846.0,19.0,1404,1,315,5933,29.0,4219,146.0,41.0,2018,201804,False,16.735422451408173,80.77746925823087,4846.0
212,BAJAJ-AUTO,Mar 2019,30358,25160,5198.0,17.0,2028,4,266,6956,29.0,4928,170.0,35.0,2019,201904,False,16.2329534224916,82.87765992489624,1299.5
213,BAJAJ-AUTO,Mar 2020,29919,24809,5109.0,17.0,1832,3,246,6692,22.0,5212,180.0,67.0,2020,202004,False,17.42036832781844,82.9205521574919,1703.0
214,BAJAJ-AUTO,Mar 2021,27741,22803,4938.0,18.0,1570,7,259,6241,22.0,4857,168.0,83.0,2021,202104,False,17.508381096571863,82.19963231318266,705.4285714285714
215,BAJAJ-AUTO,Mar 2022,33145,27886,5259.0,16.0,2671,9,270,7652,19.0,6166,213.0,66.0,2022,202204,False,18.60310755770101,84.1333534469754,584.3333333333334
216,BAJAJ-AUTO,Mar 2023,36455,29991,6465.0,18.0,1703,40,286,7842,23.0,6060,214.0,65.0,2023,202304,False,16.62323412426279,82.26855026745302,161.625
217,BAJAJ-AUTO,Mar 2024,44870,36106,8765.0,20.0,1700,60,365,10040,23.0,7708,276.0,29.0,2024,202404,False,17.178515712057056,80.46801872074883,146.08333333333334
218,BAJAJ-AUTO,TTM,48900,39757,9143.0,19.0,1535,164,379,10135,,7371,263.0,,9999,99999,True,15.073619631901842,81.30265848670757,55.75
219,AXISBANK,Mar 2013,27183,17516,8313.0,1353.0,5,6551,352,7553,31.0,5179,22.0,16.0,2013,201304,False,19.05234889452967,64.43733215612698,1.2689665699893147
220,AXISBANK,Mar 2014,30641,18690,9644.0,2307.0,8,7405,364,9349,33.0,6218,26.0,15.0,2014,201404,False,20.293071374955126,60.996703762932015,1.3023632680621202
221,AXISBANK,Mar 2015,35479,21254,11127.0,3097.0,9,8365,406,11057,33.0,7358,31.0,15.0,2015,201504,False,20.739028721215366,59.905859804391326,1.3301852958756724
222,AXISBANK,Mar 2016,40988,24155,13367.0,3466.0,8,9371,444,12394,34.0,8224,35.0,14.0,2016,201604,False,20.064409095344978,58.93188250219576,1.4264219400277451
223,AXISBANK,Mar 2017,44542,26449,23808.0,-5715.0,-13,11691,509,5468,33.0,3679,15.0,33.0,2017,201704,False,8.259620133806294,59.379911095146156,2.0364382858609185
224,AXISBANK,Mar 2018,45780,27163,28895.0,-10277.0,-22,10967,568,122,-99.0,276,1.0,0.0,2018,201804,False,0.6028833551769331,59.33377020532984,2.634722348864776
225,AXISBANK,Mar 2019,54986,33278,27155.0,-5447.0,-10,13130,710,6974,33.0,4677,18.0,6.0,2019,201904,False,8.505801476739535,60.52085985523588,2.068164508758568
226,AXISBANK,Mar 2020,62635,37429,35066.0,-9859.0,-16,15537,773,4904,67.0,1627,6.0,0.0,2020,202004,False,2.5975892073122058,59.7573241797717,2.256935058248053
227,AXISBANK,Mar 2021,63346,34107,31749.0,-2510.0,-4,12264,948,8806,25.0,6588,22.0,0.0,2021,202104,False,10.400025258106274,53.84238941685348,2.5887964774951078
228,AXISBANK,Mar 2022,67377,34245,29962.0,3170.0,5,15221,1008,17383,25.0,13025,42.0,2.0,2022,202204,False,19.33152262641554,50.82594950799234,1.9684646212469614
229,AXISBANK,Mar 2023,85164,42218,29089.0,13857.0,16,16143,13094,16906,43.0,9580,31.0,3.0,2023,202304,False,11.248884505189986,49.572589357005306,1.8019575048008425
230,AXISBANK,Mar 2024,109369,59474,37943.0,11952.0,11,22442,1334,33060,25.0,24861,81.0,1.0,2024,202404,False,22.73130411725443,54.37921165961104,1.6907138401212014
231,AXISBANK,TTM,120659,67033,44566.0,9061.0,8,25243,0,34304,,26386,85.0,,9999,99999,True,21.86824024730853,55.55573972931982,1.7654795388820663
232,BAJAJFINSV,Mar 2013,8055,4124,3931.0,49.0,2,1204,22,2708,18.0,2214,10.0,2.0,2013,201304,False,27.48603351955307,51.19801365611421,3.264950166112957
233,BAJAJFINSV,Mar 2014,6023,1531,4491.0,75.0,3,1562,31,2902,24.0,2191,10.0,2.0,2014,201404,False,36.37722065415906,25.419226299186455,2.875160051216389
234,BAJAJFINSV,Mar 2015,11335,5823,5511.0,49.0,8,2230,38,3251,26.0,2409,11.0,2.0,2015,201504,False,21.25275694750772,51.3718570798412,2.4713004484304935
235,BAJAJFINSV,Mar 2016,20533,13795,6739.0,33.0,0,2877,58,3804,27.0,2775,12.0,1.0,2016,201604,False,13.514829786197827,67.18453221643207,2.3423705248522766
236,BAJAJFINSV,Mar 2017,24507,15794,8713.0,36.0,0,3716,73,4925,30.0,3450,14.0,1.0,2017,201704,False,14.077610478638755,64.44689272452769,2.344725511302476
237,BAJAJFINSV,Mar 2018,32862,22074,10788.0,33.0,1,4531,160,6099,32.0,4176,17.0,1.0,2018,201804,False,12.707686689793682,67.17180938469966,2.3809313617303025
238,BAJAJFINSV,Mar 2019,42605,27569,15037.0,35.0,2,6657,226,8155,34.0,5374,20.0,1.0,2019,201904,False,12.61354301138364,64.70836756249267,2.258825296680186
239,BAJAJFINSV,Mar 2020,54351,36094,18258.0,34.0,0,9500,457,8302,28.0,5994,21.0,2.0,2020,202004,False,11.028315946348734,66.40908170962815,1.9218947368421053
240,BAJAJFINSV,Mar 2021,60592,40950,19641.0,32.0,-7,9274,498,9862,25.0,7367,28.0,1.0,2021,202104,False,12.158370742012146,67.58317929759704,2.1178563726547335
241,BAJAJFINSV,Mar 2022,68406,46951,21455.0,31.0,8,9629,563,11271,26.0,8314,29.0,1.0,2022,202204,False,12.153904628248984,68.63579218197235,2.228164918475439
242,BAJAJFINSV,Mar 2023,82072,52204,29868.0,36.0,1,12380,678,16811,27.0,12210,40.0,2.0,2023,202304,False,14.877181011794521,63.60756409006726,2.412600969305331
243,BAJAJFINSV,Mar 2024,110382,69497,40886.0,37.0,-4,18607,900,21375,27.0,15595,51.0,2.0,2024,202404,False,14.128209309488865,62.960446449602294,2.1973450851829956
244,BAJAJFINSV,TTM,126263,80784,45479.0,36.0,12,21568,1031,22892,,16520,53.0,,9999,99999,True,13.083801271948234,63.980738617013685,2.108633160237389
245,BAJAJHLDNG,Mar 2013,337,15,322.0,95.0,3,0,2,322,21.0,1856,167.0,15.0,2013,201304,False,550.7418397626113,4.451038575667656,
246,BAJAJHLDNG,Mar 2014,423,23,400.0,94.0,5,0,5,400,20.0,1988,179.0,17.0,2014,201404,False,469.97635933806146,5.4373522458628845,
247,BAJAJHLDNG,Mar 2015,524,40,484.0,92.0,35,0,6,513,19.0,2029,182.0,19.0,2015,201504,False,387.2137404580153,7.633587786259542,
248,BAJAJHLDNG,Mar 2016,470,42,429.0,91.0,7,0,5,430,21.0,2265,204.0,16.0,2016,201604,False,481.9148936170213,8.936170212765958,
249,BAJAJHLDNG,Mar 2017,842,215,628.0,75.0,8,0,5,630,21.0,2473,222.0,15.0,2017,201704,False,293.70546318289786,25.534441805225654,
250,BAJAJHLDNG,Mar 2018,420,65,355.0,85.0,2390,0,5,2739,3.0,2655,239.0,17.0,2018,201804,False,632.1428571428571,15.476190476190476,
251,BAJAJHLDNG,Mar 2019,431,85,347.0,80.0,2827,0,4,3170,4.0,3048,274.0,12.0,2019,201904,False,707.1925754060325,19.721577726218097,
252,BAJAJHLDNG,Mar 2020,435,134,301.0,69.0,3058,13,33,3314,7.0,3080,269.0,15.0,2020,202004,False,708.0459770114943,30.804597701149426,23.153846153846153
253,BAJAJHLDNG,Mar 2021,457,106,352.0,77.0,3451,4,34,3766,3.0,3654,328.0,12.0,2021,202104,False,799.562363238512,23.194748358862142,88.0
254,BAJAJHLDNG,Mar 2022,484,117,367.0,76.0,3896,3,34,4226,2.0,4126,364.0,32.0,2022,202204,False,852.4793388429752,24.173553719008265,122.33333333333333
255,BAJAJHLDNG,Mar 2023,522,142,380.0,73.0,4673,7,34,5012,1.0,4946,436.0,28.0,2023,202304,False,947.5095785440614,27.203065134099617,54.285714285714285
256,BAJAJHLDNG,Mar 2024,1702,140,1562.0,92.0,5967,2,34,7493,2.0,7365,653.0,20.0,2024,202404,False,432.7262044653349,8.225616921269095,781.0
257,BAJAJHLDNG,TTM,1733,178,1554.0,90.0,6055,2,34,7574,,7486,666.0,,9999,99999,True,431.9676860934795,10.271206001154068,777.0
258,BAJFINANCE,Mar 2015,5392,2274,1752.0,1367.0,25,26,36,1357,34.0,898,18.0,10.0,2015,201504,False,16.654302670623146,42.173590504451035,67.38461538461539
259,BAJFINANCE,Mar 2016,7299,2959,2354.0,1986.0,27,35,56,1965,35.0,1279,24.0,10.0,2016,201604,False,17.522948349088914,40.53979997259899,67.25714285714285
260,BAJFINANCE,Mar 2017,9970,3853,3250.0,2867.0,29,22,71,2817,35.0,1836,33.0,11.0,2017,201704,False,18.415245737211634,38.64593781344033,147.72727272727272
261,BAJFINANCE,Mar 2018,12746,4696,4115.0,3935.0,31,10,102,3843,35.0,2496,43.0,9.0,2018,201804,False,19.58261415345991,36.84293111564412,411.5
262,BAJFINANCE,Mar 2019,18487,6723,5454.0,6310.0,34,13,144,6179,35.0,3995,69.0,9.0,2019,201904,False,21.609779845296696,36.36609509384973,419.53846153846155
263,BAJFINANCE,Mar 2020,26374,9608,9159.0,7608.0,29,9,295,7322,28.0,5264,87.0,11.0,2020,202004,False,19.959050580116784,36.42981724425571,1017.6666666666666
264,BAJFINANCE,Mar 2021,26673,9519,10839.0,6314.0,24,3,325,5992,26.0,4420,73.0,14.0,2021,202104,False,16.5710643722116,35.687774153638514,3613.0
265,BAJFINANCE,Mar 2022,31641,9855,11880.0,9906.0,31,-17,385,9504,26.0,7028,116.0,17.0,2022,202204,False,22.211687367655887,31.146297525362666,-698.8235294117648
266,BAJFINANCE,Mar 2023,41411,12701,12693.0,16018.0,39,-5,485,15528,26.0,11508,190.0,16.0,2023,202304,False,27.7897177078554,30.670594769505687,-2538.6
267,BAJFINANCE,Mar 2024,54972,18886,16099.0,19987.0,36,6,683,19310,25.0,14451,233.0,15.0,2024,202404,False,26.287928399912687,34.35567197846176,2683.1666666666665
268,BAJFINANCE,TTM,62279,21918,18943.0,21417.0,34,29,779,20667,,15389,248.0,,9999,99999,True,24.709773760015413,35.19324330833828,653.2068965517242
269,BANKBARODA,Mar 2013,36442,24486,10950.0,1006.0,3,4511,322,5195,9.0,4829,23.0,19.0,2013,201304,False,13.251193677624718,67.19170188244334,2.4273996896475283
270,BANKBARODA,Mar 2014,40463,27604,12049.0,809.0,2,5555,368,5996,18.0,5036,23.0,19.0,2014,201404,False,12.4459382645874,68.2203494550577,2.169036903690369
271,BANKBARODA,Mar 2015,44915,30547,13466.0,902.0,2,5449,368,5983,36.0,3950,18.0,18.0,2015,201504,False,8.794389402204164,68.01068685294445,2.4712791337860156
272,BANKBARODA,Mar 2016,45799,32107,25391.0,-11700.0,-26,5992,525,-6233,-19.0,-5033,-22.0,0.0,2016,201604,False,-10.98932291098059,70.10415074564946,4.237483311081442
273,BANKBARODA,Mar 2017,44473,29596,19250.0,-4372.0,-10,7937,540,3024,41.0,1855,8.0,15.0,2017,201704,False,4.171070087468801,66.54824275403054,2.425349628323044
274,BANKBARODA,Mar 2018,46056,29160,26093.0,-9197.0,-20,7992,901,-2106,-9.0,-1836,-7.0,0.0,2018,201804,False,-3.986451276706618,63.31422615945805,3.26488988988989
275,BANKBARODA,Mar 2019,52906,32506,25815.0,-5414.0,-10,7887,948,1525,29.0,1166,4.0,0.0,2019,201904,False,2.203908819415567,61.44104638415303,3.273107645492583
276,BANKBARODA,Mar 2020,78895,50040,40583.0,-11728.0,-15,12191,1697,-1234,-99.0,981,2.0,0.0,2020,202004,False,1.2434248051207302,63.42607262817669,3.3289311787384137
277,BANKBARODA,Mar 2021,74314,43201,38070.0,-6957.0,-9,14687,1357,6373,77.0,1620,3.0,0.0,2021,202104,False,2.1799391770056786,58.133057028285386,2.5920882413018314
278,BANKBARODA,Mar 2022,73385,38815,37518.0,-2948.0,-4,14395,1438,10008,23.0,7933,15.0,19.0,2022,202204,False,10.810111058118144,52.89228043878177,2.606321639458145
279,BANKBARODA,Mar 2023,94503,49942,38231.0,6329.0,7,16275,2040,20565,29.0,15005,29.0,19.0,2023,202304,False,15.877802821074463,52.84699956615134,2.349062980030722
280,BANKBARODA,Mar 2024,118379,69899,44379.0,4102.0,3,23399,1702,25799,29.0,18869,36.0,21.0,2024,202404,False,15.93948250956673,59.046790393566425,1.8966195136544297
281,BANKBARODA,TTM,124144,74160,46459.0,3526.0,3,23807,0,27332,,20144,39.0,,9999,99999,True,16.226317824461916,59.73707952055677,1.9514848573948838
282,BHARTIARTL,Mar 2013,76947,53987,22960.0,30.0,1159,4519,14815,4785,53.0,2267,4.0,17.0,2013,201304,False,2.9461837368578374,70.16127984196915,5.080770081876522
283,BHARTIARTL,Mar 2014,85864,59352,26512.0,31.0,2881,5879,15650,7864,62.0,3019,5.0,26.0,2014,201404,False,3.516025342401938,69.12326469766141,4.509610477972444
284,BHARTIARTL,Mar 2015,96101,62499,33602.0,35.0,1243,4446,19858,10540,52.0,5048,8.0,33.0,2015,201504,False,5.252806942695706,65.03470307280882,7.557804768331084
285,BHARTIARTL,Mar 2016,96532,62548,33984.0,35.0,4858,8546,17450,12846,46.0,6893,11.0,9.0,2016,201604,False,7.140637301620188,64.7950938548875,3.97659723847414
286,BHARTIARTL,Mar 2017,95468,60138,35330.0,37.0,1713,9547,19773,7723,45.0,4241,7.0,11.0,2017,201704,False,4.442326224494071,62.99283529559643,3.7006389441709437
287,BHARTIARTL,Mar 2018,82639,52560,30079.0,36.0,1756,9326,19243,3267,33.0,2184,2.0,194.0,2018,201804,False,2.6428199760403683,63.601931291520955,3.2252841518335837
288,BHARTIARTL,Mar 2019,80780,55016,25764.0,32.0,4474,10622,21348,-1732,-99.0,1688,1.0,244.0,2019,201904,False,2.0896261450854174,68.10596682347115,2.425531914893617
289,BHARTIARTL,Mar 2020,87539,50930,36610.0,42.0,-37775,13992,27690,-42846,-28.0,-30664,-55.0,-3.0,2020,202004,False,-35.02895852134477,58.17978272541382,2.616495140080046
290,BHARTIARTL,Mar 2021,100616,55337,45279.0,45.0,-4215,15091,29404,-3432,99.0,-12364,-26.0,0.0,2021,202104,False,-12.28830404707005,54.99821102011608,3.0003975879663374
291,BHARTIARTL,Mar 2022,116547,59013,57534.0,49.0,4656,16616,33091,12483,33.0,8305,7.0,39.0,2022,202204,False,7.125880546045801,50.63450796674302,3.4625662012518057
292,BHARTIARTL,Mar 2023,139145,67871,71274.0,51.0,1019,19300,36432,16561,26.0,12287,15.0,27.0,2023,202304,False,8.830356822020196,48.777174889503755,3.692953367875648
293,BHARTIARTL,Mar 2024,149982,71691,78292.0,52.0,-3428,22648,39538,12679,32.0,8558,13.0,62.0,2024,202404,False,5.706018055499993,47.7997359683162,3.456905687036383
294,BHARTIARTL,TTM,155478,74745,80733.0,52.0,2190,22424,41690,18809,,13816,22.0,,9999,99999,True,8.886144663553686,48.074325628063136,3.6002943275062433
295,BEL,Mar 2013,6273,5604,669.0,11.0,622,7,136,1147,21.0,911,1.0,20.0,2013,201304,False,14.522556990275785,89.3352462936394,95.57142857142857
296,BEL,Mar 2014,6518,5593,925.0,14.0,438,7,150,1206,21.0,952,1.0,20.0,2014,201404,False,14.605707272169377,85.80853022399509,132.14285714285714
297,BEL,Mar 2015,7093,5913,1179.0,17.0,507,7,166,1513,21.0,1197,2.0,20.0,2015,201504,False,16.875793035387,83.36387988157338,168.42857142857142
298,BEL,Mar 2016,7354,5961,1393.0,19.0,573,10,192,1764,24.0,1337,2.0,31.0,2016,201604,False,18.18058199619255,81.05792765841719,139.3
299,BEL,Mar 2017,8656,6864,1792.0,21.0,420,18,212,1983,24.0,1523,2.0,33.0,2017,201704,False,17.594731977818853,79.29759704251387,99.55555555555556
300,BEL,Mar 2018,10401,8361,2039.0,20.0,196,6,272,1957,28.0,1431,2.0,34.0,2018,201804,False,13.758292471877704,80.38650129795212,339.8333333333333
301,BEL,Mar 2019,12164,9255,2909.0,24.0,73,16,338,2628,30.0,1887,3.0,44.0,2019,201904,False,15.512989148306477,76.08516935218678,181.8125
302,BEL,Mar 2020,12968,10209,2759.0,21.0,99,8,372,2478,28.0,1825,3.0,37.0,2020,202004,False,14.073103022825418,78.724552745219,344.875
303,BEL,Mar 2021,14109,10895,3214.0,23.0,125,10,387,2942,30.0,2100,3.0,46.0,2021,202104,False,14.88411652136934,77.22021404777092,321.4
304,BEL,Mar 2022,15368,12024,3344.0,22.0,232,9,401,3166,26.0,2400,3.0,46.0,2022,202204,False,15.616866215512754,78.2404997397189,371.55555555555554
305,BEL,Mar 2023,17734,13645,4090.0,23.0,281,19,429,3923,25.0,2986,4.0,44.0,2023,202304,False,16.837712867937295,76.94259614300213,215.26315789473685
306,BEL,Mar 2024,20268,15217,5051.0,25.0,670,12,443,5266,25.0,3985,5.0,40.0,2024,202404,False,19.661535425300965,75.07894217485692,420.9166666666667
307,BEL,TTM,21575,15867,5708.0,26.0,754,7,445,6010,,4541,6.0,,9999,99999,True,21.047508690614137,73.54345307068367,815.4285714285714
308,BHEL,Mar 2013,48903,39420,9483.0,19.0,1132,128,957,9531,30.0,6693,18.0,20.0,2013,201304,False,13.686276915526655,80.60855162259985,74.0859375
309,BHEL,Mar 2014,39561,34982,4579.0,12.0,1617,133,985,5078,31.0,3502,10.0,20.0,2014,201404,False,8.852152372285838,88.42546952807058,34.42857142857143
310,BHEL,Mar 2015,31323,29183,2141.0,7.0,1221,92,1082,2187,34.0,1450,4.0,20.0,2015,201504,False,4.629186220987772,93.16795964626633,23.27173913043478
311,BHEL,Mar 2016,25505,26862,-1357.0,-5.0,1492,360,937,-1161,-39.0,-706,-2.0,-14.0,2016,201604,False,-2.768084689276612,105.32052538717898,-3.7694444444444444
312,BHEL,Mar 2017,28465,27370,1095.0,4.0,753,413,850,586,22.0,455,1.0,85.0,2017,201704,False,1.5984542420516425,96.15317056033726,2.651331719128329
313,BHEL,Mar 2018,28827,27174,1653.0,6.0,679,330,787,1215,64.0,438,1.0,151.0,2018,201804,False,1.5194088875013008,94.26579248621084,5.009090909090909
314,BHEL,Mar 2019,30441,28409,2032.0,7.0,662,378,476,1840,46.0,1002,3.0,69.0,2019,201904,False,3.2916132847146935,93.3247922210177,5.375661375661376
315,BHEL,Mar 2020,21463,21596,-133.0,-1.0,590,613,503,-659,99.0,-1468,-4.0,0.0,2020,202004,False,-6.839677584680613,100.61967106182732,-0.2169657422512235
316,BHEL,Mar 2021,17309,20357,-3049.0,-18.0,393,467,473,-3596,-25.0,-2700,-8.0,0.0,2021,202104,False,-15.59882142238142,117.60933618348837,-6.528907922912206
317,BHEL,Mar 2022,21211,20383,828.0,4.0,405,448,314,470,5.0,445,1.0,31.0,2022,202204,False,2.0979680354533023,96.09636509358351,1.8482142857142858
318,BHEL,Mar 2023,23365,22321,1044.0,4.0,544,612,260,716,9.0,654,2.0,21.0,2023,202304,False,2.7990584207147444,95.53177830087738,1.7058823529411764
319,BHEL,Mar 2024,23893,23182,711.0,3.0,608,828,249,243,-16.0,282,1.0,31.0,2024,202404,False,1.180262001423011,97.02423303896539,0.8586956521739131
320,BHEL,TTM,25833,24783,1050.0,4.0,527,746,248,583,,445,1.0,,9999,99999,True,1.7226028722951263,95.93543142492162,1.4075067024128687
321,BOSCHLTD,Dec 2012,8659,7310,1350.0,16.0,369,6,367,1346,29.0,958,305.0,20.0,2012,201201,False,11.063633213996997,84.42083381452824,225.0
322,BOSCHLTD,Dec 2013,8757,7468,1289.0,15.0,353,0,384,1257,30.0,885,282.0,20.0,2013,201301,False,10.106200753682767,85.28034715085074,
323,BOSCHLTD,Mar 2015,12086,10104,1981.0,16.0,537,14,548,1956,32.0,1338,426.0,20.0,2015,201504,False,11.070660268078768,83.60086049975179,141.5
324,BOSCHLTD,Mar 2016,9701,7823,1878.0,19.0,623,13,386,2102,27.0,1531,488.0,17.0,2016,201604,False,15.781878156891041,80.6411710132976,144.46153846153845
325,BOSCHLTD,Mar 2017,10435,8473,1963.0,19.0,912,27,456,2391,27.0,1741,570.0,29.0,2017,201704,False,16.684235745088642,81.19789171058936,72.70370370370371
326,BOSCHLTD,Mar 2018,11690,9597,2093.0,18.0,418,3,467,2041,33.0,1371,449.0,22.0,2018,201804,False,11.72797262617622,82.09580838323353,697.6666666666666
327,BOSCHLTD,Mar 2019,12085,9931,2154.0,18.0,600,13,402,2339,32.0,1598,542.0,19.0,2019,201904,False,13.223003723624327,82.17625155151013,165.69230769230768
328,BOSCHLTD,Mar 2020,9842,8358,1483.0,15.0,-105,10,383,985,34.0,650,220.0,48.0,2020,202004,False,6.604348709611868,84.92176386913229,148.3
329,BOSCHLTD,Mar 2021,9718,8555,1163.0,12.0,-241,14,341,567,15.0,482,164.0,70.0,2021,202104,False,4.959868285655484,88.03251697880222,83.07142857142857
330,BOSCHLTD,Mar 2022,11782,10319,1462.0,12.0,391,29,324,1500,19.0,1217,413.0,51.0,2022,202204,False,10.329315905618742,87.58275335257171,50.41379310344828
331,BOSCHLTD,Mar 2023,14929,13120,1810.0,13.0,471,12,386,1882,24.0,1424,483.0,99.0,2023,202304,False,9.538482148837831,87.88264451738227,150.83333333333334
332,BOSCHLTD,Mar 2024,16727,14632,2095.0,13.0,1566,51,430,3181,22.0,2490,844.0,44.0,2024,202404,False,14.886112273569676,87.47533927183595,41.07843137254902
333,BOSCHLTD,TTM,17150,14934,2216.0,13.0,876,13,412,2668,,2084,707.0,,9999,99999,True,12.151603498542274,87.07871720116617,170.46153846153845
334,BPCL,Mar 2013,242181,235472,6709.0,3.0,1492,2518,2463,3220,40.0,1936,4.0,42.0,2013,201304,False,0.7994021000821699,97.22975790834128,2.664416203335981
335,BPCL,Mar 2014,264421,255007,9414.0,4.0,1344,1982,2611,6166,34.0,4053,9.0,31.0,2014,201404,False,1.5327829484042492,96.43976839963543,4.749747729566095
336,BPCL,Mar 2015,242598,232818,9780.0,4.0,2117,1180,3027,7690,34.0,5082,11.0,34.0,2015,201504,False,2.0948235352311233,95.96863947765439,8.288135593220339
337,BPCL,Mar 2016,187815,174844,12971.0,7.0,1913,680,2072,12132,33.0,8089,19.0,25.0,2016,201604,False,4.306897745121529,93.09373585709342,19.075
338,BPCL,Mar 2017,201251,187468,13783.0,7.0,2721,696,2108,13700,31.0,9507,20.0,49.0,2017,201704,False,4.723951682227666,93.15133837844284,19.80316091954023
339,BPCL,Mar 2018,235895,220578,15317.0,6.0,2927,1186,2885,14174,31.0,9792,21.0,46.0,2018,201804,False,4.150999385319739,93.50685686428284,12.914839797639123
340,BPCL,Mar 2019,298226,283113,15112.0,5.0,2975,1764,3418,12905,34.0,8528,18.0,48.0,2019,201904,False,2.859576294488073,94.93236672858839,8.566893424036282
341,BPCL,Mar 2020,284572,275597,8975.0,3.0,1393,2637,4080,3652,0.0,3666,7.0,106.0,2020,202004,False,1.2882504251999494,96.84614087120306,3.403488813045127
342,BPCL,Mar 2021,230171,209170,21001.0,9.0,7489,1723,4334,22432,23.0,17320,37.0,102.0,2021,202104,False,7.524840227483046,90.8759139943781,12.188624492164829
343,BPCL,Mar 2022,346791,327654,19137.0,6.0,4939,2606,5434,16037,27.0,11682,27.0,29.0,2022,202204,False,3.3685995311297003,94.48169070131578,7.343438219493477
344,BPCL,Mar 2023,473187,462288,10899.0,2.0,2036,3745,6369,2821,24.0,2131,5.0,40.0,2023,202304,False,0.45035049568141133,97.69668228417096,2.9102803738317755
345,BPCL,Mar 2024,448083,404001,44082.0,10.0,3032,4149,6771,36194,26.0,26859,62.0,33.0,2024,202404,False,5.994201967046283,90.16209050555366,10.62472885032538
346,BPCL,TTM,445601,419046,26554.0,6.0,3037,3640,6996,18955,,13734,32.0,,9999,99999,True,3.082129528434631,94.04063276339146,7.295054945054945
347,BRITANNIA,Mar 2013,6185,5765,421.0,7.0,52,41,73,358,27.0,260,11.0,39.0,2013,201304,False,4.203718674211803,93.20937752627324,10.268292682926829
348,BRITANNIA,Mar 2014,6913,6286,627.0,9.0,34,8,83,569,30.0,395,16.0,36.0,2014,201404,False,5.713872414291914,90.93013163604803,78.375
349,BRITANNIA,Mar 2015,7858,6988,870.0,11.0,228,4,144,950,28.0,689,29.0,28.0,2015,201504,False,8.768134385339781,88.9284805293968,217.5
350,BRITANNIA,Mar 2016,8397,7174,1224.0,15.0,115,5,113,1220,32.0,825,34.0,29.0,2016,201604,False,9.824937477670597,85.43527450279862,244.8
351,BRITANNIA,Mar 2017,9054,7776,1278.0,14.0,151,5,119,1304,32.0,885,37.0,30.0,2017,201704,False,9.774685222001326,85.88469184890656,255.6
352,BRITANNIA,Mar 2018,9914,8413,1501.0,15.0,166,8,142,1518,34.0,1004,42.0,30.0,2018,201804,False,10.127092999798265,84.85979423038128,187.625
353,BRITANNIA,Mar 2019,11055,9322,1732.0,16.0,206,9,162,1768,35.0,1155,48.0,31.0,2019,201904,False,10.44776119402985,84.32383536861148,192.44444444444446
354,BRITANNIA,Mar 2020,11600,9756,1843.0,16.0,263,77,185,1844,24.0,1394,58.0,60.0,2020,202004,False,12.017241379310345,84.10344827586206,23.935064935064936
355,BRITANNIA,Mar 2021,13136,10627,2509.0,19.0,313,111,198,2514,26.0,1851,77.0,204.0,2021,202104,False,14.091047503045068,80.89981729598051,22.603603603603602
356,BRITANNIA,Mar 2022,14136,11935,2201.0,16.0,222,144,201,2078,27.0,1516,63.0,89.0,2022,202204,False,10.724391624221845,84.4298245614035,15.284722222222221
357,BRITANNIA,Mar 2023,16301,13470,2831.0,17.0,597,169,226,3033,24.0,2316,96.0,75.0,2023,202304,False,14.207717317955954,82.63296730261948,16.75147928994083
358,BRITANNIA,Mar 2024,16769,13603,3167.0,19.0,211,164,300,2913,27.0,2134,89.0,83.0,2024,202404,False,12.725863199952292,81.11992366867435,19.3109756097561
359,BRITANNIA,TTM,17244,14107,3136.0,18.0,182,121,308,2889,,2129,89.0,,9999,99999,True,12.346323358849455,81.80816515889585,25.917355371900825
360,CANBK,Mar 2013,34070,26198,7217.0,655.0,2,3308,191,3771,22.0,2995,12.0,19.0,2013,201304,False,8.790724977986498,76.89462870560611,2.1816807738814994
361,CANBK,Mar 2014,39570,30606,9636.0,-672.0,-2,4144,230,3242,20.0,2672,10.0,19.0,2014,201404,False,6.7525903462218855,77.3464746019712,2.3252895752895753
362,CANBK,Mar 2015,43813,34133,10302.0,-621.0,-1,4733,429,3683,22.0,2931,11.0,17.0,2015,201504,False,6.689795266245178,77.90610092894804,2.1766321571941685
363,CANBK,Mar 2016,44039,34263,17785.0,-8008.0,-18,5266,172,-2914,-13.0,-2535,-9.0,0.0,2016,201604,False,-5.756261495492632,77.80149413020277,3.3773262438283327
364,CANBK,Mar 2017,41457,31540,15691.0,-5775.0,-14,7852,331,1746,29.0,1411,5.0,4.0,2017,201704,False,3.403526545577345,76.07882866584654,1.9983443708609272
365,CANBK,Mar 2018,41345,29113,25582.0,-13350.0,-32,7398,456,-6408,-36.0,-3873,-11.0,0.0,2018,201804,False,-9.367517233039061,70.41480227355183,3.457961611246283
366,CANBK,Mar 2019,47951,32339,27202.0,-11590.0,-24,9907,429,-2111,-99.0,696,2.0,0.0,2019,201904,False,1.4514817209234425,67.44176346687243,2.74573533864944
367,CANBK,Mar 2020,49759,35817,26809.0,-12867.0,-26,11799,446,-1514,34.0,-1921,-4.0,0.0,2020,202004,False,-3.8606081311923472,71.98094817018027,2.2721417069243155
368,CANBK,Mar 2021,70253,45182,43437.0,-18367.0,-26,23086,838,3882,30.0,2957,4.0,0.0,2021,202104,False,4.2090729221527905,64.31326776080736,1.881529931560253
369,CANBK,Mar 2022,70614,43035,41235.0,-13657.0,-19,23643,841,9145,37.0,6158,7.0,19.0,2022,202204,False,8.720650295975302,60.944005438015125,1.7440680116736456
370,CANBK,Mar 2023,85885,52990,42772.0,-9877.0,-12,25325,1021,14427,25.0,11345,12.0,19.0,2023,202304,False,13.209524363975083,61.69878325668044,1.6889239881539981
371,CANBK,Mar 2024,110519,72118,46146.0,-7745.0,-7,28646,902,20000,26.0,15401,17.0,19.0,2024,202404,False,13.935160470145405,65.25393823686426,1.6109055365496054
372,CANBK,TTM,119392,80351,48026.0,-8985.0,-8,30394,0,21409,,16571,18.0,,9999,99999,True,13.879489413025997,67.3001541141785,1.580114496282161
373,CHOLAFIN,Mar 2013,2570,1410,688.0,472.0,18,1,22,452,32.0,308,4.0,16.0,2013,201304,False,11.98443579766537,54.86381322957199,688.0
374,CHOLAFIN,Mar 2014,3279,1769,932.0,578.0,18,1,25,554,34.0,368,5.0,14.0,2014,201404,False,11.222933821286977,53.949374809393106,932.0
375,CHOLAFIN,Mar 2015,3715,1958,1061.0,696.0,19,0,30,666,33.0,444,6.0,11.0,2015,201504,False,11.951547779273216,52.70524899057874,
376,CHOLAFIN,Mar 2016,4214,2048,1266.0,899.0,21,2,22,879,35.0,575,7.0,12.0,2016,201604,False,13.64499288087328,48.59990507831039,633.0
377,CHOLAFIN,Mar 2017,4694,2228,1322.0,1143.0,24,3,39,1107,35.0,718,9.0,12.0,2017,201704,False,15.296122709842352,47.46484874307627,440.6666666666667
378,CHOLAFIN,Mar 2018,5559,2657,1451.0,1451.0,26,0,51,1401,34.0,918,12.0,11.0,2018,201804,False,16.51376146788991,47.79636625292319,
379,CHOLAFIN,Mar 2019,7108,3588,1632.0,1888.0,27,1,57,1832,35.0,1197,15.0,8.0,2019,201904,False,16.840180078784467,50.478334271243675,1632.0
380,CHOLAFIN,Mar 2020,8712,4592,2421.0,1699.0,20,0,111,1588,34.0,1054,13.0,13.0,2020,202004,False,12.098255280073463,52.708907254361804,
381,CHOLAFIN,Mar 2021,9583,4576,2913.0,2094.0,22,56,102,2048,26.0,1521,19.0,11.0,2021,202104,False,15.871856412396953,47.751226129604504,52.017857142857146
382,CHOLAFIN,Mar 2022,10148,4298,2926.0,2924.0,29,84,101,2908,26.0,2154,26.0,8.0,2022,202204,False,21.225857311785575,42.353173039022465,34.833333333333336
383,CHOLAFIN,Mar 2023,12884,5748,3621.0,3515.0,27,220,121,3615,26.0,2665,32.0,6.0,2023,202304,False,20.684570009313877,44.6134740763738,16.45909090909091
384,CHOLAFIN,Mar 2024,19163,9231,5385.0,4548.0,24,255,198,4605,26.0,3420,41.0,5.0,2024,202404,False,17.846892448990243,48.17095444345875,21.11764705882353
385,CHOLAFIN,TTM,22502,10875,6452.0,5175.0,23,248,243,5180,,3852,46.0,,9999,99999,True,17.118478357479336,48.3290374188961,26.016129032258064
386,CIPLA,Mar 2013,8279,34,6065.0,2214.0,27,245,330,2095,26.0,1545,19.0,10.0,2013,201304,False,18.661674115231307,0.41067761806981523,24.755102040816325
387,CIPLA,Mar 2014,10173,146,8026.0,2147.0,21,251,373,1880,25.0,1404,17.0,12.0,2014,201404,False,13.80123857269242,1.4351715324879581,31.97609561752988
388,CIPLA,Mar 2015,11345,168,9183.0,2163.0,19,164,505,1654,24.0,1229,15.0,14.0,2015,201504,False,10.832966064345527,1.4808285588364918,55.99390243902439
389,CIPLA,Mar 2016,13790,207,11310.0,2480.0,18,208,754,1727,19.0,1383,17.0,12.0,2016,201604,False,10.029006526468455,1.501087744742567,54.375
390,CIPLA,Mar 2017,14394,159,11898.0,2496.0,17,208,1323,1222,15.0,1035,13.0,16.0,2017,201704,False,7.190496040016674,1.1046269278866194,57.20192307692308
391,CIPLA,Mar 2018,15156,114,12329.0,2826.0,19,280,1323,1669,15.0,1417,18.0,17.0,2018,201804,False,9.349432567959884,0.7521773555027712,44.03214285714286
392,CIPLA,Mar 2019,16362,168,13265.0,3097.0,19,477,1326,2079,27.0,1492,19.0,16.0,2019,201904,False,9.118689646742451,1.0267693436010268,27.80922431865828
393,CIPLA,Mar 2020,17132,197,13926.0,3206.0,19,344,1175,2178,29.0,1500,19.0,21.0,2020,202004,False,8.755545178613122,1.1498949334578565,40.48255813953488
394,CIPLA,Mar 2021,19160,161,14907.0,4252.0,22,266,1068,3290,27.0,2389,30.0,17.0,2021,202104,False,12.468684759916492,0.8402922755741128,56.04135338345865
395,CIPLA,Mar 2022,21763,106,17211.0,4553.0,21,99,1052,3493,27.0,2547,31.0,16.0,2022,202204,False,11.703349722005237,0.48706520240775625,173.84848484848484
396,CIPLA,Mar 2023,22753,110,17726.0,5027.0,22,293,1172,4038,30.0,2833,35.0,24.0,2023,202304,False,12.45110534874522,0.48345273150793305,60.49829351535836
397,CIPLA,Mar 2024,25774,90,19483.0,6291.0,24,552,1051,5702,27.0,4154,51.0,25.0,2024,202404,False,16.11701714906495,0.34918910529991465,35.29528985507246
398,CIPLA,TTM,26981,66,20075.0,6906.0,26,822,1087,6576,,4987,62.0,,9999,99999,True,18.48337719135688,0.24461658203921277,24.42214111922141
399,COALINDIA,Mar 2013,68303,46,50216.0,18087.0,26,8752,1813,24979,31.0,17356,27.0,51.0,2013,201304,False,25.41030408620412,0.06734696865437828,5.737659963436928
400,COALINDIA,Mar 2014,70608,59,52842.0,17766.0,25,7169,1996,22880,34.0,15112,24.0,121.0,2014,201404,False,21.402673917969636,0.08355993655109903,7.370902496861487
401,COALINDIA,Mar 2015,74120,9,56777.0,17343.0,23,6570,2320,21584,36.0,13727,22.0,95.0,2015,201504,False,18.519967620075555,0.012142471667566108,8.641856925418569
402,COALINDIA,Mar 2016,77861,388,59147.0,18714.0,24,5939,2826,21440,33.0,14267,23.0,121.0,2016,201604,False,18.323679377351947,0.4983239362453603,9.959084020878937
403,COALINDIA,Mar 2017,78164,410,65716.0,12448.0,16,5316,2907,14446,36.0,9280,15.0,133.0,2017,201704,False,11.872473261347935,0.5245381505552429,12.361926260346126
404,COALINDIA,Mar 2018,85244,430,75956.0,9288.0,11,4975,3063,10770,35.0,7038,11.0,146.0,2018,201804,False,8.25629956360565,0.5044343296888931,15.26753768844221
405,COALINDIA,Mar 2019,99586,264,74579.0,25007.0,25,5834,3450,27127,36.0,17464,28.0,46.0,2019,201904,False,17.536601530335588,0.2650975036651738,12.783510455947892
406,COALINDIA,Mar 2020,96080,503,74500.0,21581.0,22,6444,3451,24071,31.0,16700,27.0,44.0,2020,202004,False,17.38134887593672,0.5235220649458784,11.561142147734326
407,COALINDIA,Mar 2021,90026,642,71398.0,18628.0,21,3742,3718,18009,29.0,12702,21.0,78.0,2021,202104,False,14.109257325661476,0.7131273187745762,19.08017103153394
408,COALINDIA,Mar 2022,109715,541,84995.0,24721.0,23,3866,4429,23616,26.0,17378,28.0,60.0,2022,202204,False,15.839219796746114,0.4930957480745568,21.985256078634247
409,COALINDIA,Mar 2023,138252,684,94020.0,44232.0,32,6560,6833,43275,27.0,31723,52.0,47.0,2023,202304,False,22.94578016954547,0.4947487197291902,14.332317073170731
410,COALINDIA,Mar 2024,142324,819,94352.0,47971.0,34,8396,6735,48813,23.0,37369,61.0,42.0,2024,202404,False,26.25628846856468,0.5754475703324808,11.237732253454025
411,COALINDIA,TTM,140328,875,93717.0,46610.0,33,8145,8357,45523,,34350,56.0,,9999,99999,True,24.47836497349068,0.6235391368793113,11.506077348066299
412,DABUR,Mar 2013,6140,5148,992.0,16.0,100,59,85,948,19.0,766,4.0,34.0,2013,201304,False,12.47557003257329,83.84364820846906,16.8135593220339
413,DABUR,Mar 2014,7058,5897,1162.0,16.0,126,54,97,1136,19.0,916,5.0,33.0,2014,201404,False,12.978180787758573,83.55058090110514,21.51851851851852
414,DABUR,Mar 2015,7795,6475,1320.0,17.0,154,40,115,1319,19.0,1068,6.0,33.0,2015,201504,False,13.701090442591404,83.06606799230276,33.0
415,DABUR,Mar 2016,7780,6261,1518.0,20.0,217,48,133,1554,19.0,1254,7.0,32.0,2016,201604,False,16.118251928020566,80.47557840616967,31.625
416,DABUR,Mar 2017,7614,6102,1512.0,20.0,296,54,143,1611,21.0,1280,7.0,31.0,2017,201704,False,16.811137378513266,80.1418439716312,28.0
417,DABUR,Mar 2018,7722,6104,1617.0,21.0,291,53,162,1693,20.0,1358,8.0,81.0,2018,201804,False,17.586117586117584,79.04687904687904,30.50943396226415
418,DABUR,Mar 2019,8515,6775,1740.0,20.0,222,60,177,1725,16.0,1446,8.0,34.0,2019,201904,False,16.981796829125074,79.56547269524368,29.0
419,DABUR,Mar 2020,8685,6892,1792.0,21.0,205,50,220,1728,16.0,1448,8.0,37.0,2020,202004,False,16.672423719055843,79.3552101324122,35.84
420,DABUR,Mar 2021,9562,7560,2002.0,21.0,325,31,240,2056,18.0,1695,10.0,50.0,2021,202104,False,17.72641706755909,79.06295754026354,64.58064516129032
421,DABUR,Mar 2022,10889,8637,2252.0,21.0,308,39,253,2269,23.0,1742,10.0,53.0,2022,202204,False,15.997795940857745,79.31857838185324,57.743589743589745
422,DABUR,Mar 2023,11530,9367,2162.0,19.0,445,78,311,2219,23.0,1701,10.0,54.0,2023,202304,False,14.752818733738074,81.24024284475281,27.71794871794872
423,DABUR,Mar 2024,12404,10004,2400.0,19.0,482,124,399,2359,23.0,1811,10.0,53.0,2024,202404,False,14.600128990648178,80.65140277329894,19.35483870967742
424,DABUR,TTM,12447,10106,2341.0,19.0,537,152,424,2302,,1760,10.0,,9999,99999,True,14.139953402426286,81.1922551618864,15.401315789473685
425,DIVISLAB,Mar 2013,2145,1329,816.0,38.0,45,3,77,781,23.0,602,23.0,33.0,2013,201304,False,28.065268065268068,61.95804195804195,272.0
426,DIVISLAB,Mar 2014,2532,1514,1018.0,40.0,68,3,92,991,22.0,773,29.0,34.0,2014,201404,False,30.529225908372826,59.79462875197472,339.3333333333333
427,DIVISLAB,Mar 2015,3115,1942,1173.0,38.0,38,3,136,1072,21.0,852,32.0,31.0,2015,201504,False,27.351524879614768,62.34349919743178,391.0
428,DIVISLAB,Mar 2016,3776,2354,1423.0,38.0,93,5,118,1393,19.0,1126,42.0,24.0,2016,201604,False,29.81991525423729,62.34110169491526,284.6
429,DIVISLAB,Mar 2017,4064,2615,1450.0,36.0,72,3,123,1395,24.0,1060,40.0,25.0,2017,201704,False,26.08267716535433,64.34547244094489,483.3333333333333
430,DIVISLAB,Mar 2018,3891,2622,1269.0,33.0,107,2,142,1231,29.0,877,33.0,30.0,2018,201804,False,22.539193009509123,67.38627602158827,634.5
431,DIVISLAB,Mar 2019,4946,3072,1874.0,38.0,154,5,169,1855,27.0,1353,51.0,31.0,2019,201904,False,27.355438738374442,62.11079660331581,374.8
432,DIVISLAB,Mar 2020,5394,3568,1826.0,34.0,186,7,186,1819,24.0,1377,52.0,31.0,2020,202004,False,25.528364849833146,66.14757137560252,260.85714285714283
433,DIVISLAB,Mar 2021,6969,4102,2867.0,41.0,57,2,256,2666,26.0,1984,75.0,27.0,2021,202104,False,28.46893384990673,58.86066867556321,1433.5
434,DIVISLAB,Mar 2022,8960,5075,3885.0,43.0,112,2,312,3684,20.0,2960,112.0,27.0,2022,202204,False,33.035714285714285,56.640625,1942.5
435,DIVISLAB,Mar 2023,7767,5397,2370.0,31.0,344,2,343,2369,23.0,1824,69.0,44.0,2023,202304,False,23.483970645036695,69.48628814213981,1185.0
436,DIVISLAB,Mar 2024,7845,5635,2210.0,28.0,335,4,378,2163,26.0,1600,60.0,50.0,2024,202404,False,20.395156150414277,71.82919056724027,552.5
437,DIVISLAB,TTM,8614,6056,2558.0,30.0,359,3,386,2528,,1836,69.0,,9999,99999,True,21.31413977246343,70.30415602507546,852.6666666666666
438,DLF,Mar 2013,7773,5140,2633.0,34.0,1279,2314,796,802,17.0,667,4.0,48.0,2013,201304,False,8.580985462498392,66.12633474848836,1.137856525496975
439,DLF,Mar 2014,8298,5805,2493.0,30.0,1133,2463,663,500,-16.0,590,4.0,55.0,2014,201404,False,7.1101470233791275,69.95661605206074,1.0121802679658953
440,DLF,Mar 2015,7649,4635,3014.0,39.0,503,2304,545,668,24.0,507,3.0,66.0,2015,201504,False,6.628317427114655,60.59615636030854,1.3081597222222223
441,DLF,Mar 2016,9926,5960,3966.0,40.0,506,2680,766,1026,55.0,305,2.0,117.0,2016,201604,False,3.07273826314729,60.044328027402784,1.4798507462686568
442,DLF,Mar 2017,8221,4775,3446.0,42.0,1135,2980,572,1030,22.0,708,4.0,50.0,2017,201704,False,8.612090986497993,58.082958277581795,1.1563758389261745
443,DLF,Mar 2018,6707,4329,2378.0,35.0,9722,2951,534,8615,50.0,4477,25.0,8.0,2018,201804,False,66.75115550916952,64.54450574027136,0.8058285327007794
444,DLF,Mar 2019,8366,6218,2148.0,26.0,784,2062,225,646,43.0,1314,6.0,33.0,2019,201904,False,15.706430791298112,74.32464738226153,1.0417070805043647
445,DLF,Mar 2020,6083,4937,1146.0,19.0,1135,1427,200,653,99.0,-590,-2.0,-85.0,2020,202004,False,-9.699161597895776,81.16061154035837,0.803083391730904
446,DLF,Mar 2021,5414,3945,1469.0,27.0,383,853,159,840,43.0,1083,4.0,45.0,2021,202104,False,20.003694126339123,72.86664203915774,1.7221570926143024
447,DLF,Mar 2022,5717,3974,1743.0,30.0,195,625,149,1165,28.0,1500,6.0,49.0,2022,202204,False,26.237537169844323,69.5119818086409,2.7888
448,DLF,Mar 2023,5695,3969,1726.0,30.0,317,392,149,1502,27.0,2034,8.0,49.0,2023,202304,False,35.71553994732221,69.69271290605793,4.403061224489796
449,DLF,Mar 2024,6427,4303,2124.0,33.0,531,356,148,2151,24.0,2724,11.0,45.0,2024,202404,False,42.38369379181578,66.95192158083087,5.966292134831461
450,DLF,TTM,7001,5116,1885.0,27.0,662,386,150,2010,,4004,16.0,,9999,99999,True,57.19182973860877,73.0752749607199,4.883419689119171
451,DMART,Mar 2013,3341,3126,215.0,6.0,15,43,46,141,34.0,94,2.0,0.0,2013,201304,False,2.8135288835677943,93.56480095779706,5.0
452,DMART,Mar 2014,4686,4345,341.0,7.0,16,56,57,245,34.0,161,3.0,0.0,2014,201404,False,3.4357661118224496,92.72300469483568,6.089285714285714
453,DMART,Mar 2015,6439,5983,456.0,7.0,20,72,82,323,34.0,212,4.0,0.0,2015,201504,False,3.292436713775431,92.91815499301134,6.333333333333333
454,DMART,Mar 2016,8584,7919,664.0,8.0,17,91,98,492,35.0,320,6.0,0.0,2016,201604,False,3.727865796831314,92.25302889095992,7.2967032967032965
455,DMART,Mar 2017,11898,10929,969.0,8.0,28,122,128,747,36.0,479,8.0,0.0,2017,201704,False,4.025886703647672,91.85577407967726,7.942622950819672
456,DMART,Mar 2018,15033,13680,1353.0,9.0,88,60,159,1222,34.0,806,13.0,0.0,2018,201804,False,5.361537949843678,90.99980043903413,22.55
457,DMART,Mar 2019,20005,18371,1633.0,8.0,48,47,212,1422,37.0,902,14.0,0.0,2019,201904,False,4.508872781804548,91.83204198950263,34.744680851063826
458,DMART,Mar 2020,24870,22742,2128.0,9.0,60,69,374,1745,25.0,1301,20.0,0.0,2020,202004,False,5.231202251708886,91.44350623240852,30.840579710144926
459,DMART,Mar 2021,24143,22398,1745.0,7.0,194,42,414,1483,26.0,1099,17.0,0.0,2021,202104,False,4.5520440707451435,92.77223211696972,41.54761904761905
460,DMART,Mar 2022,30976,28474,2502.0,8.0,114,54,498,2064,28.0,1492,23.0,0.0,2022,202204,False,4.8166322314049586,91.92277892561982,46.333333333333336
461,DMART,Mar 2023,42840,39201,3639.0,8.0,128,67,639,3060,22.0,2378,37.0,0.0,2023,202304,False,5.550887021475257,91.50560224089635,54.3134328358209
462,DMART,Mar 2024,50789,46683,4106.0,8.0,145,58,731,3461,27.0,2536,39.0,0.0,2024,202404,False,4.993207190533383,91.91557226958594,70.79310344827586
463,DMART,TTM,57213,52737,4476.0,8.0,137,64,834,3716,,2720,42.0,,9999,99999,True,4.754164263366718,92.176603219548,69.9375
464,DRREDDY,Mar 2013,11833,9164,2669.0,23.0,146,100,550,2165,29.0,1527,18.0,17.0,2013,201304,False,12.904588861658075,77.44443505450857,26.69
465,DRREDDY,Mar 2014,13415,10164,3251.0,24.0,170,127,648,2646,26.0,1963,23.0,16.0,2014,201404,False,14.632873648900485,75.76593365635482,25.598425196850393
466,DRREDDY,Mar 2015,15023,11515,3508.0,23.0,260,108,760,2900,19.0,2336,27.0,15.0,2015,201504,False,15.549490780802769,76.64913798841776,32.48148148148148
467,DRREDDY,Mar 2016,15568,11983,3585.0,23.0,295,83,939,2859,26.0,2131,25.0,16.0,2016,201604,False,13.688335046248715,76.97199383350463,43.19277108433735
468,DRREDDY,Mar 2017,14196,11724,2472.0,17.0,172,79,1027,1554,19.0,1292,16.0,26.0,2017,201704,False,9.101155255001409,82.58664412510566,31.29113924050633
469,DRREDDY,Mar 2018,14281,11930,2351.0,16.0,155,79,1077,1350,32.0,947,11.0,35.0,2018,201804,False,6.631188292136406,83.53756739724109,29.759493670886076
470,DRREDDY,Mar 2019,15448,12270,3178.0,21.0,381,89,1135,2336,17.0,1950,23.0,17.0,2019,201904,False,12.622993267736923,79.42775763852926,35.70786516853933
471,DRREDDY,Mar 2020,17517,15040,2477.0,14.0,670,98,1163,1886,-7.0,2026,24.0,21.0,2020,202004,False,11.565907404235885,85.8594508192042,25.275510204081634
472,DRREDDY,Mar 2021,19048,15173,3874.0,20.0,335,97,1229,2884,32.0,1952,23.0,21.0,2021,202104,False,10.247795044099119,79.65665686686266,39.93814432989691
473,DRREDDY,Mar 2022,21545,17778,3768.0,17.0,555,96,1165,3061,29.0,2182,26.0,23.0,2022,202204,False,10.127639823624971,82.51566488744488,39.25
474,DRREDDY,Mar 2023,24670,18200,6470.0,26.0,971,143,1250,6048,25.0,4507,54.0,15.0,2023,202304,False,18.269152817186868,73.77381434941223,45.24475524475525
475,DRREDDY,Mar 2024,28011,20078,7933.0,28.0,909,171,1470,7201,23.0,5578,67.0,12.0,2024,202404,False,19.913605369319196,71.67898325657778,46.39181286549707
476,DRREDDY,TTM,31229,22919,8311.0,27.0,862,276,1617,7280,,5448,64.0,,9999,99999,True,17.44532325722886,73.39011815940312,30.11231884057971
477,EICHERMOT,Dec 2012,6390,5840,550.0,9.0,136,4,82,600,21.0,475,12.0,17.0,2012,201201,False,7.433489827856025,91.39280125195619,137.5
478,EICHERMOT,Dec 2013,6810,6094,715.0,11.0,93,8,130,671,22.0,525,15.0,21.0,2013,201301,False,7.709251101321586,89.48604992657856,89.375
479,EICHERMOT,Dec 2014,8738,7621,1118.0,13.0,105,10,220,993,29.0,702,23.0,22.0,2014,201401,False,8.033875028610666,87.21675440604257,111.8
480,EICHERMOT,Mar 2016,6173,4484,1690.0,27.0,326,2,137,1877,29.0,1338,49.0,20.0,2016,201604,False,21.675036449052325,72.63891138830391,845.0
481,EICHERMOT,Mar 2017,7033,4859,2174.0,31.0,416,4,154,2433,30.0,1667,61.0,16.0,2017,201704,False,23.702545144319636,69.08858239727002,543.5
482,EICHERMOT,Mar 2018,8965,6156,2809.0,31.0,536,5,223,3116,30.0,1960,72.0,15.0,2018,201804,False,21.862799776910204,68.66703848298941,561.8
483,EICHERMOT,Mar 2019,9797,6893,2904.0,30.0,701,7,300,3297,33.0,2203,81.0,15.0,2019,201904,False,22.486475451668877,70.35827294069612,414.85714285714283
484,EICHERMOT,Mar 2020,9154,6971,2183.0,24.0,572,19,382,2355,22.0,1827,67.0,19.0,2020,202004,False,19.958488092637097,76.15250163862792,114.89473684210526
485,EICHERMOT,Mar 2021,8720,6937,1783.0,20.0,482,16,451,2203,25.0,1347,49.0,34.0,2021,202104,False,15.447247706422019,79.55275229357798,111.4375
486,EICHERMOT,Mar 2022,10298,8120,2178.0,21.0,496,19,452,2203,24.0,1677,61.0,34.0,2022,202204,False,16.284715478733737,78.8502621868324,114.63157894736842
487,EICHERMOT,Mar 2023,14442,10996,3446.0,24.0,908,28,526,3800,23.0,2914,107.0,35.0,2023,202304,False,20.177260767206757,76.1390389142778,123.07142857142857
488,EICHERMOT,Mar 2024,16536,12206,4329.0,26.0,1521,51,598,5202,23.0,4001,146.0,35.0,2024,202404,False,24.195694242864054,73.81470730527334,84.88235294117646
489,EICHERMOT,TTM,17091,12619,4472.0,26.0,1729,53,661,5486,,4268,156.0,,9999,99999,True,24.972207594640455,73.8341817330759,84.37735849056604
490,GAIL,Mar 2013,50974,43547,7427.0,15.0,887,437,1319,6558,34.0,4367,6.0,28.0,2013,201304,False,8.567112645662494,85.42982697061247,16.9954233409611
491,GAIL,Mar 2014,61765,53777,7988.0,13.0,1247,669,1644,6922,32.0,4786,7.0,28.0,2014,201404,False,7.7487250060714,87.06710920424189,11.940209267563528
492,GAIL,Mar 2015,60557,54926,5631.0,9.0,945,652,1433,4492,32.0,3160,5.0,24.0,2015,201504,False,5.21822415245141,90.70132272074244,8.636503067484663
493,GAIL,Mar 2016,52053,47517,4536.0,9.0,731,822,1496,2949,37.0,1874,3.0,37.0,2016,201604,False,3.6001767429350853,91.28580485274624,5.518248175182482
494,GAIL,Mar 2017,48552,42531,6021.0,12.0,1212,509,1541,5183,35.0,3374,5.0,56.0,2017,201704,False,6.949250288350635,87.59886307464161,11.829076620825147
495,GAIL,Mar 2018,54496,46695,7802.0,14.0,948,295,1527,6928,31.0,4805,7.0,43.0,2018,201804,False,8.817160892542573,85.68518790369936,26.447457627118645
496,GAIL,Mar 2019,76190,66252,9938.0,13.0,1719,159,1667,9831,33.0,6553,10.0,25.0,2019,201904,False,8.600866255414097,86.95629347683423,62.503144654088054
497,GAIL,Mar 2020,72518,63495,9022.0,12.0,3796,309,2080,10429,9.0,9515,14.0,31.0,2020,202004,False,13.120880333158663,87.55757191318018,29.197411003236247
498,GAIL,Mar 2021,57372,50127,7245.0,13.0,2833,179,2174,7725,20.0,6143,9.0,36.0,2021,202104,False,10.70731367217458,87.3718887262079,40.47486033519553
499,GAIL,Mar 2022,92770,77608,15161.0,16.0,2925,202,2420,15464,20.0,12304,18.0,36.0,2022,202204,False,13.262908267758974,83.65635442492186,75.05445544554455
500,GAIL,Mar 2023,145668,138168,7500.0,5.0,2822,365,2702,7256,23.0,5596,9.0,59.0,2023,202304,False,3.841612433753467,94.85130570887222,20.54794520547945
501,GAIL,Mar 2024,133228,118914,14314.0,11.0,2672,719,3672,12595,21.0,9903,15.0,37.0,2024,202404,False,7.433122166511544,89.25601224967724,19.908205841446453
502,GAIL,TTM,136081,119297,16784.0,12.0,2893,733,4187,14758,,11541,18.0,,9999,99999,True,8.48097824090064,87.66616941380502,22.89768076398363
503,GODREJCP,Mar 2013,6412,5417,995.0,16.0,194,87,77,1025,17.0,845,8.0,22.0,2013,201304,False,13.178415470991892,84.48222083593264,11.436781609195402
504,GODREJCP,Mar 2014,7599,6430,1169.0,15.0,62,120,82,1030,20.0,819,7.0,24.0,2014,201404,False,10.777733912356888,84.6163968943282,9.741666666666667
505,GODREJCP,Mar 2015,8273,6894,1379.0,17.0,73,112,91,1249,22.0,976,9.0,21.0,2015,201504,False,11.797413272089932,83.33131874773359,12.3125
506,GODREJCP,Mar 2016,8424,6766,1657.0,20.0,-262,128,101,1167,29.0,831,8.0,24.0,2016,201604,False,9.864672364672366,80.31813865147198,12.9453125
507,GODREJCP,Mar 2017,9268,7361,1907.0,21.0,76,154,142,1687,22.0,1308,13.0,39.0,2017,201704,False,14.113077255071213,79.42382391022875,12.383116883116884
508,GODREJCP,Mar 2018,9847,7763,2084.0,21.0,283,173,156,2039,20.0,1634,16.0,42.0,2018,201804,False,16.593886462882097,78.83619376459835,12.046242774566474
509,GODREJCP,Mar 2019,10314,8183,2132.0,21.0,362,238,170,2085,-12.0,2342,23.0,44.0,2019,201904,False,22.70700019391119,79.33876284661625,8.957983193277311
510,GODREJCP,Mar 2020,9911,7757,2154.0,22.0,32,228,197,1760,15.0,1497,15.0,55.0,2020,202004,False,15.104429421854505,78.26657249520734,9.447368421052632
511,GODREJCP,Mar 2021,11029,8629,2399.0,22.0,23,138,204,2080,17.0,1721,17.0,0.0,2021,202104,False,15.604315894460061,78.23918759633693,17.384057971014492
512,GODREJCP,Mar 2022,12276,9867,2409.0,20.0,78,122,210,2155,17.0,1783,17.0,0.0,2022,202204,False,14.524275008145976,80.3763440860215,19.74590163934426
513,GODREJCP,Mar 2023,13316,10873,2443.0,18.0,114,188,236,2133,20.0,1702,17.0,0.0,2023,202304,False,12.781616100931211,81.65364974466807,12.99468085106383
514,GODREJCP,Mar 2024,14096,11139,2957.0,21.0,-2209,310,241,198,99.0,-561,-5.0,,2024,202404,False,-3.9798524404086266,79.02241770715096,9.538709677419355
515,GODREJCP,TTM,14152,11156,2996.0,21.0,-2097,339,211,348,,-453,-4.0,,9999,99999,True,-3.2009609949123803,78.82984737139627,8.837758112094395
516,GRASIM,Mar 2013,27909,21986,5924.0,21.0,824,324,1252,5171,28.0,3778,57.0,8.0,2013,201304,False,13.536851911569745,78.77745530115733,18.28395061728395
517,GRASIM,Mar 2014,28331,23416,4915.0,17.0,576,447,1457,3586,20.0,2954,44.0,9.0,2014,201404,False,10.42674102573153,82.65151247749814,10.995525727069351
518,GRASIM,Mar 2015,31734,26590,5144.0,16.0,530,667,1563,3443,30.0,2582,37.0,9.0,2015,201504,False,8.136383689418288,83.79025650721623,7.712143928035982
519,GRASIM,Mar 2016,34487,28576,5911.0,17.0,1320,718,1834,4679,26.0,3455,51.0,9.0,2016,201604,False,10.018267753066374,82.86020819439209,8.232590529247911
520,GRASIM,Mar 2017,36068,28682,7387.0,20.0,1076,702,1808,5952,29.0,4246,66.0,8.0,2017,201704,False,11.772208051458357,79.52201397360541,10.522792022792023
521,GRASIM,Mar 2018,55894,44281,11612.0,21.0,410,3663,2724,5635,35.0,3688,39.0,15.0,2018,201804,False,6.598203742798869,79.2231724335349,3.17007917007917
522,GRASIM,Mar 2019,77200,60560,16640.0,22.0,-1846,6060,3571,5163,47.0,2745,25.0,27.0,2019,201904,False,3.5556994818652847,78.44559585492227,2.745874587458746
523,GRASIM,Mar 2020,68252,57880,10373.0,15.0,7076,6890,4004,6554,-1.0,6639,65.0,6.0,2020,202004,False,9.727187481685519,84.80337572525347,1.5055152394775035
524,GRASIM,Mar 2021,76404,57769,18635.0,24.0,1130,5723,4033,10009,30.0,6987,63.0,14.0,2021,202104,False,9.144809172294645,75.60991571121932,3.2561593569806044
525,GRASIM,Mar 2022,95701,75270,20431.0,21.0,1648,4776,4161,13143,15.0,11206,111.0,9.0,2022,202204,False,11.709386526786554,78.65121576577047,4.277847571189279
526,GRASIM,Mar 2023,117627,96038,21589.0,18.0,3733,6044,4552,14727,25.0,11078,100.0,10.0,2023,202304,False,9.417905752930874,81.64622068062604,3.5719722038385173
527,GRASIM,Mar 2024,130978,103783,27195.0,21.0,783,9277,5001,13700,28.0,9926,85.0,12.0,2024,202404,False,7.578371940325857,79.23697109438226,2.9314433545327154
528,GRASIM,TTM,137116,109610,27506.0,20.0,971,10696,5437,12344,,8693,67.0,,9999,99999,True,6.339887394614779,79.93961317424663,2.5716155572176516
529,HAL,Mar 2013,14328,13560,768.0,5.0,3335,5,601,3497,14.0,2997,124.0,28.0,2013,201304,False,20.917085427135678,94.63986599664992,153.6
530,HAL,Mar 2014,15135,13565,1570.0,10.0,2618,8,603,3578,25.0,2693,28.0,33.0,2014,201404,False,17.793194582094483,89.62669309547407,196.25
531,HAL,Mar 2015,15730,13379,2351.0,15.0,1642,15,806,3173,25.0,2388,25.0,20.0,2015,201504,False,15.181182453909727,85.05403687221869,156.73333333333332
532,HAL,Mar 2016,16758,14281,2478.0,15.0,1598,6,863,3207,38.0,1998,28.0,31.0,2016,201604,False,11.92266380236305,85.21899988065401,413.0
533,HAL,Mar 2017,17950,14714,3236.0,18.0,1044,16,681,3583,27.0,2616,36.0,31.0,2017,201704,False,14.573816155988858,81.97214484679665,202.25
534,HAL,Mar 2018,18519,15059,3460.0,19.0,761,35,947,3240,39.0,1987,30.0,54.0,2018,201804,False,10.729521032453155,81.31648577136994,98.85714285714286
535,HAL,Mar 2019,20008,15440,4569.0,23.0,376,177,1024,3742,37.0,2346,35.0,28.0,2019,201904,False,11.72530987604958,77.16913234706118,25.8135593220339
536,HAL,Mar 2020,21445,16565,4880.0,23.0,415,359,998,3938,28.0,2842,42.0,39.0,2020,202004,False,13.252506411750991,77.24411284681743,13.593314763231199
537,HAL,Mar 2021,22882,17541,5341.0,23.0,360,267,1157,4277,24.0,3239,48.0,31.0,2021,202104,False,14.155231186085132,76.65850887160214,20.00374531835206
538,HAL,Mar 2022,24620,19200,5420.0,22.0,986,65,1110,5231,3.0,5086,76.0,26.0,2022,202204,False,20.65800162469537,77.98537774167343,83.38461538461539
539,HAL,Mar 2023,26928,20258,6669.0,25.0,1672,64,1784,6493,10.0,5811,87.0,32.0,2023,202304,False,21.57976827094474,75.23024361259655,104.203125
540,HAL,Mar 2024,30381,20631,9749.0,32.0,1899,43,1406,10199,26.0,7595,114.0,31.0,2024,202404,False,24.999177117277245,67.90757381258024,226.72093023255815
541,HAL,TTM,31154,21199,9954.0,32.0,2304,32,1182,11045,,8472,127.0,,9999,99999,True,27.193939783013416,68.04583681068242,311.0625
542,HAVELLS,Mar 2013,7135,6461,674.0,9.0,222,123,110,664,12.0,581,9.0,16.0,2013,201304,False,8.142957252978276,90.55360896986684,5.479674796747967
543,HAVELLS,Mar 2014,8051,7274,777.0,10.0,35,102,116,594,25.0,446,7.0,42.0,2014,201404,False,5.539684511240839,90.34902496584274,7.617647058823529
544,HAVELLS,Mar 2015,8468,7713,755.0,9.0,48,96,139,569,32.0,385,6.0,49.0,2015,201504,False,4.546528105810109,91.0840812470477,7.864583333333333
545,HAVELLS,Mar 2016,7594,6798,796.0,10.0,949,91,134,1520,14.0,1300,21.0,29.0,2016,201604,False,17.118777982617857,89.51804055833553,8.747252747252746
546,HAVELLS,Mar 2017,6130,5315,815.0,13.0,42,13,121,723,32.0,494,8.0,44.0,2017,201704,False,8.05872756933116,86.7047308319739,62.69230769230769
547,HAVELLS,Mar 2018,8116,7083,1033.0,13.0,97,25,140,965,31.0,661,11.0,4.0,2018,201804,False,8.144406111384919,87.27205519960572,41.32
548,HAVELLS,Mar 2019,10073,8885,1189.0,12.0,124,16,149,1147,31.0,788,13.0,36.0,2019,201904,False,7.822892881961679,88.20609550282934,74.3125
549,HAVELLS,Mar 2020,9440,8374,1067.0,11.0,107,51,218,904,19.0,735,12.0,34.0,2020,202004,False,7.786016949152542,88.70762711864407,20.92156862745098
550,HAVELLS,Mar 2021,10457,8868,1589.0,15.0,187,90,249,1438,27.0,1044,17.0,39.0,2021,202104,False,9.983742947308023,84.80443721908769,17.655555555555555
551,HAVELLS,Mar 2022,13938,12163,1775.0,13.0,159,67,261,1607,26.0,1196,19.0,39.0,2022,202204,False,8.58085808580858,87.26503085091117,26.492537313432837
552,HAVELLS,Mar 2023,16911,15290,1621.0,10.0,178,55,296,1447,26.0,1072,17.0,44.0,2023,202304,False,6.3390692448702035,90.41452309147891,29.472727272727273
553,HAVELLS,Mar 2024,18590,16709,1881.0,10.0,249,84,338,1707,26.0,1271,20.0,44.0,2024,202404,False,6.837009144701453,89.88165680473372,22.392857142857142
554,HAVELLS,TTM,20677,18668,2008.0,10.0,310,46,384,1889,,1400,22.0,,9999,99999,True,6.770808144314939,90.28389031290807,43.65217391304348
555,HCLTECH,Jun 2013,25581,19901,5680.0,22.0,332,106,637,5270,23.0,4040,14.0,21.0,2013,201307,False,15.792971345920801,77.79602048395293,53.58490566037736
556,HCLTECH,Jun 2014,32144,24108,8035.0,25.0,677,114,681,7917,18.0,6528,23.0,11.0,2014,201407,False,20.3086112493778,75.0,70.48245614035088
557,HCLTECH,Jun 2015,36701,28215,8486.0,23.0,1126,91,404,9117,20.0,7342,26.0,58.0,2015,201507,False,20.004904498515028,76.8780142230457,93.25274725274726
558,HCLTECH,Mar 2016 9m,31136,24482,6654.0,21.0,871,74,410,7041,20.0,5602,20.0,40.0,2016,201604,False,17.992034943473794,78.6292394655704,89.91891891891892
559,HCLTECH,Mar 2017,47568,37178,10390.0,22.0,1069,89,828,10542,18.0,8606,30.0,40.0,2017,201704,False,18.091994618230743,78.15758493104609,116.74157303370787
560,HCLTECH,Mar 2018,50569,39323,11246.0,22.0,1230,69,1383,11024,21.0,8722,31.0,19.0,2018,201804,False,17.24772093575115,77.76107892186913,162.9855072463768
561,HCLTECH,Mar 2019,60427,46501,13926.0,23.0,943,174,2073,12622,20.0,10120,37.0,11.0,2019,201904,False,16.747480430933194,76.95401062438975,80.03448275862068
562,HCLTECH,Mar 2020,70676,53360,17316.0,24.0,589,505,3420,13980,21.0,11057,41.0,25.0,2020,202004,False,15.644631841077594,75.49946233516329,34.28910891089109
563,HCLTECH,Mar 2021,75379,55331,20048.0,27.0,927,511,4611,15853,30.0,11169,41.0,24.0,2021,202104,False,14.817124132716009,73.40373313522333,39.23287671232877
564,HCLTECH,Mar 2022,85651,65122,20529.0,24.0,1067,319,4326,16951,20.0,13523,50.0,84.0,2022,202204,False,15.78849050215409,76.03180348157056,64.35423197492163
565,HCLTECH,Mar 2023,101456,78828,22628.0,22.0,1358,353,4145,19488,24.0,14845,55.0,88.0,2023,202304,False,14.631958681595963,77.6967355306734,64.10198300283287
566,HCLTECH,Mar 2024,109913,85715,24198.0,22.0,1495,553,4173,20967,25.0,15710,58.0,90.0,2024,202404,False,14.293122742532729,77.9844058482618,43.75768535262206
567,HCLTECH,TTM,115308,90169,25139.0,22.0,2452,659,4137,22795,,17085,63.0,,9999,99999,True,14.816838380684775,78.19839039789088,38.147192716236724
568,HDFCBANK,Mar 2013,35861,19695,12631.0,3534.0,10,7133,663,10004,31.0,6903,14.0,19.0,2013,201304,False,19.249323777920306,54.92038704999861,1.770783681480443
569,HDFCBANK,Mar 2014,42555,23445,13508.0,5602.0,13,8298,689,13211,34.0,8768,18.0,19.0,2014,201404,False,20.60392433321584,55.09340853013747,1.6278621354543263
570,HDFCBANK,Mar 2015,50666,27288,16164.0,7214.0,14,9546,680,16079,33.0,10703,21.0,19.0,2015,201504,False,21.12462006079027,53.85860340267635,1.6932746700188561
571,HDFCBANK,Mar 2016,63162,34070,20055.0,9037.0,14,11212,738,19511,34.0,12821,25.0,19.0,2016,201604,False,20.298597257844907,53.94066052373262,1.7887085265786657
572,HDFCBANK,Mar 2017,73271,38042,23856.0,11374.0,16,12905,886,23393,35.0,15317,30.0,18.0,2017,201704,False,20.904587080836894,51.919586193719205,1.8485858194498257
573,HDFCBANK,Mar 2018,85288,42381,29532.0,13374.0,16,16057,967,28464,35.0,18561,36.0,18.0,2018,201804,False,21.76273332708001,49.6916330550605,1.8391978576321852
574,HDFCBANK,Mar 2019,105161,53713,34856.0,16592.0,16,18947,1221,34318,35.0,22446,41.0,18.0,2019,201904,False,21.34441475451926,51.076920151006554,1.8396579933498707
575,HDFCBANK,Mar 2020,122189,62137,45459.0,14593.0,12,24879,1277,38195,29.0,27296,50.0,5.0,2020,202004,False,22.339163099788035,50.85318645704605,1.8272036657421922
576,HDFCBANK,Mar 2021,128552,59248,52457.0,16848.0,13,27333,1385,42796,26.0,31857,58.0,11.0,2021,202104,False,24.78141141328023,46.088742298836266,1.9191819412431859
577,HDFCBANK,Mar 2022,135936,58584,56557.0,20795.0,15,31759,1681,50873,25.0,38151,69.0,23.0,2022,202204,False,28.06541313559322,43.09675141242938,1.7808180358323624
578,HDFCBANK,Mar 2023,170754,77780,63042.0,29932.0,18,33912,2345,61498,25.0,46149,82.0,23.0,2023,202304,False,27.026599669700268,45.550909495531585,1.8589879688605804
579,HDFCBANK,Mar 2024,283649,154139,174196.0,-44685.0,-16,124346,3092,76569,15.0,65446,84.0,23.0,2024,202404,False,23.07288232992184,54.34145722354036,1.4008974956974893
580,HDFCBANK,TTM,329022,180600,206009.0,-57587.0,-18,146017,0,88430,,72168,91.0,,9999,99999,True,21.934095592391998,54.88994656892244,1.4108562701603238
581,HDFCLIFE,Mar 2013,14060,15,13535.0,525.0,4,28,35,502,11.0,447,2.0,0.0,2013,201304,False,3.1792318634423897,0.10668563300142249,483.39285714285717
582,HDFCLIFE,Mar 2014,17166,11,16561.0,605.0,4,241,41,794,9.0,725,4.0,14.0,2014,201404,False,4.223464988931609,0.06408015845275544,68.71784232365145
583,HDFCLIFE,Mar 2015,27215,-14,26341.0,874.0,3,79,43,924,15.0,786,4.0,18.0,2015,201504,False,2.8881131728826013,-0.05144221936432115,333.43037974683546
584,HDFCLIFE,Mar 2016,18141,8,17187.0,953.0,5,108,45,1008,19.0,817,4.0,22.0,2016,201604,False,4.503610605810043,0.044099002260073863,159.13888888888889
585,HDFCLIFE,Mar 2017,30647,9,29674.0,972.0,3,139,41,1061,16.0,887,4.0,25.0,2017,201704,False,2.8942473977877117,0.029366659053088395,213.4820143884892
586,HDFCLIFE,Mar 2018,32260,11,31186.0,1074.0,3,282,44,1300,15.0,1107,6.0,25.0,2018,201804,False,3.4314941103533787,0.034097954122752634,110.58865248226951
587,HDFCLIFE,Mar 2019,38855,14,37640.0,1215.0,3,136,45,1291,1.0,1278,6.0,26.0,2019,201904,False,3.289151975292755,0.036031398790374466,276.7647058823529
588,HDFCLIFE,Mar 2020,29380,0,28239.0,1141.0,4,369,47,1463,11.0,1297,6.0,0.0,2020,202004,False,4.414567733151804,0.0,76.52845528455285
589,HDFCLIFE,Mar 2021,71528,0,70294.0,1235.0,2,445,51,1629,16.0,1361,7.0,30.0,2021,202104,False,1.9027513700928307,0.0,157.96404494382023
590,HDFCLIFE,Mar 2022,67126,0,66348.0,778.0,1,766,56,1487,11.0,1327,6.0,27.0,2022,202204,False,1.976879301611894,0.0,86.61618798955614
591,HDFCLIFE,Mar 2023,70207,0,70127.0,80.0,0,1437,76,1441,5.0,1368,6.0,30.0,2023,202304,False,1.9485236514877435,0.0,48.80097425191371
592,HDFCLIFE,Mar 2024,101482,0,100951.0,531.0,1,525,79,977,-61.0,1574,7.0,27.0,2024,202404,False,1.5510139729213062,0.0,192.28761904761905
593,HDFCLIFE,TTM,100772,0,100048.0,725.0,1,514,0,1239,,1747,8.0,,9999,99999,True,1.7336164807684673,0.0,194.64591439688715
594,HEROMOTOCO,Mar 2014,25275,12,21722.0,3553.0,14,430,1107,2864,26.0,2102,105.0,62.0,2014,201404,False,8.316518298714143,0.04747774480712166,50.51627906976744
595,HEROMOTOCO,Mar 2015,27538,12,24018.0,3520.0,13,325,540,3292,29.0,2364,118.0,51.0,2015,201504,False,8.584501416224853,0.04357614932093834,73.90153846153846
596,HEROMOTOCO,Mar 2016,28457,15,24033.0,4424.0,16,421,443,4387,29.0,3112,157.0,46.0,2016,201604,False,10.935797870471237,0.052711107987489896,57.0855106888361
597,HEROMOTOCO,Mar 2017,28610,27,24025.0,4585.0,16,830,502,4885,27.0,3546,179.0,47.0,2017,201704,False,12.394267738552953,0.09437259699405802,28.94578313253012
598,HEROMOTOCO,Mar 2018,32458,31,27124.0,5334.0,16,564,575,5292,30.0,3722,186.0,51.0,2018,201804,False,11.467126748413333,0.09550804116088484,48.09219858156028
599,HEROMOTOCO,Mar 2019,33971,37,28946.0,5025.0,15,741,624,5104,32.0,3466,172.0,50.0,2019,201904,False,10.202820052397634,0.10891642871861294,39.063427800269906
600,HEROMOTOCO,Mar 2020,29254,47,25184.0,4070.0,14,1434,846,4611,21.0,3659,182.0,49.0,2020,202004,False,12.50769125589663,0.16066178984070553,17.562064156206414
601,HEROMOTOCO,Mar 2021,30959,46,26902.0,4058.0,13,553,715,3849,24.0,2936,146.0,72.0,2021,202104,False,9.483510449303918,0.14858361058173714,48.64737793851718
602,HEROMOTOCO,Mar 2022,29551,53,26295.0,3256.0,11,545,690,3058,24.0,2329,116.0,82.0,2022,202204,False,7.881289973266556,0.17935095259043687,48.24770642201835
603,HEROMOTOCO,Mar 2023,34158,105,30060.0,4099.0,12,567,697,3864,28.0,2800,141.0,71.0,2023,202304,False,8.197201241290474,0.3073950465483928,53.01587301587302
604,HEROMOTOCO,Mar 2024,37789,76,32554.0,5235.0,14,689,757,5090,26.0,3742,187.0,75.0,2024,202404,False,9.902352536452407,0.2011167270898939,47.24818577648767
605,HEROMOTOCO,TTM,40098,68,34537.0,5561.0,14,929,802,5620,,4133,207.0,,9999,99999,True,10.307247244251585,0.16958451793106888,37.17653390742734
606,HINDALCO,Mar 2013,80193,2079,72494.0,7699.0,10,1111,2822,3909,23.0,3007,16.0,6.0,2013,201304,False,3.749703839487237,2.592495604354495,65.25112511251125
607,HINDALCO,Mar 2014,87695,2702,79671.0,8024.0,9,677,3347,2653,20.0,2195,11.0,9.0,2014,201404,False,2.5029933291521753,3.08113347397229,117.68242245199409
608,HINDALCO,Mar 2015,104281,4178,95437.0,8844.0,8,-832,3493,340,75.0,259,4.0,24.0,2015,201504,False,0.248367391950595,4.006482484824656,-114.7079326923077
609,HINDALCO,Mar 2016,98759,5134,90981.0,7778.0,8,1500,4347,-203,99.0,-702,-1.0,-82.0,2016,201604,False,-0.7108212922366569,5.198513553195152,60.654
610,HINDALCO,Mar 2017,100184,5742,87867.0,12317.0,12,1198,4457,3315,43.0,1882,8.0,13.0,2017,201704,False,1.8785434799968057,5.7314541244110835,73.34474123539232
611,HINDALCO,Mar 2018,115183,3911,101488.0,13695.0,12,2879,4506,8157,25.0,6083,27.0,4.0,2018,201804,False,5.281161282480921,3.3954663448599187,35.251128864188956
612,HINDALCO,Mar 2019,130542,3778,115031.0,15511.0,12,1127,4777,8083,32.0,5495,24.0,5.0,2019,201904,False,4.209373228539474,2.894087726555438,102.06832298136646
613,HINDALCO,Mar 2020,118144,4197,103838.0,14306.0,12,906,5091,5924,36.0,3767,17.0,6.0,2020,202004,False,3.188481852654388,3.552444474539545,114.61147902869757
614,HINDALCO,Mar 2021,132008,3738,114449.0,17559.0,13,-987,6628,6206,44.0,3483,16.0,19.0,2021,202104,False,2.6384764559723655,2.831646566874735,-115.9564336372847
615,HINDALCO,Mar 2022,195059,3768,166712.0,28347.0,15,1253,6729,19103,28.0,13730,61.0,6.0,2022,202204,False,7.038895923797416,1.931723222204564,133.05027932960894
616,HINDALCO,Mar 2023,223202,3646,200536.0,22666.0,10,1307,7086,13241,24.0,10097,45.0,7.0,2023,202304,False,4.523704984722359,1.6334979077248413,153.43228768171386
617,HINDALCO,Mar 2024,215962,3858,192090.0,23872.0,11,1519,7521,14012,28.0,10155,45.0,8.0,2024,202404,False,4.702216130615571,1.7864253896518831,126.45819618169848
618,HINDALCO,TTM,224018,3560,196087.0,27931.0,12,1300,7716,17955,,12488,56.0,,9999,99999,True,5.574552044924961,1.5891580140881538,150.83615384615385
619,HINDUNILVR,Mar 2013,27004,26,22784.0,4220.0,16,1123,251,5066,24.0,3839,18.0,104.0,2013,201304,False,14.216412383350615,0.09628203229151236,20.288512911843277
620,HINDUNILVR,Mar 2014,29234,41,24475.0,4759.0,16,792,296,5215,24.0,3956,18.0,71.0,2014,201404,False,13.532188547581583,0.14024765683792845,30.90277777777778
621,HINDUNILVR,Mar 2015,31972,18,26560.0,5412.0,17,1247,322,6320,31.0,4376,20.0,74.0,2015,201504,False,13.68697610409108,0.05629926185412236,21.299117882919006
622,HINDUNILVR,Mar 2016,32186,17,26276.0,5910.0,18,486,353,6026,31.0,4151,19.0,83.0,2016,201604,False,12.896911700739452,0.05281799540172746,54.065843621399175
623,HINDUNILVR,Mar 2017,33162,35,26834.0,6328.0,19,606,432,6467,31.0,4490,21.0,82.0,2017,201704,False,13.539593510644716,0.10554248839032628,44.28052805280528
624,HINDUNILVR,Mar 2018,35545,26,28046.0,7499.0,21,353,520,7306,28.0,5227,24.0,83.0,2018,201804,False,14.705303136868759,0.07314671543114362,79.45042492917847
625,HINDUNILVR,Mar 2019,39310,33,30430.0,8880.0,23,322,565,8604,30.0,6060,28.0,78.0,2019,201904,False,15.41592470109387,0.08394810480793692,94.5031055900621
626,HINDUNILVR,Mar 2020,39783,118,29922.0,9861.0,25,424,1002,9165,26.0,6756,31.0,80.0,2020,202004,False,16.982128044642185,0.29660910439132293,70.57075471698113
627,HINDUNILVR,Mar 2021,47028,117,35402.0,11626.0,25,170,1074,10605,25.0,7999,34.0,119.0,2021,202104,False,17.00901590541805,0.24878795611125284,208.24705882352941
628,HINDUNILVR,Mar 2022,52446,106,39589.0,12857.0,25,219,1091,11879,25.0,8892,38.0,90.0,2022,202204,False,16.954581855622926,0.20211264920108304,180.7716894977169
629,HINDUNILVR,Mar 2023,60580,114,46433.0,14147.0,23,448,1137,13344,24.0,10143,43.0,91.0,2023,202304,False,16.743149554308353,0.1881809177946517,103.64508928571429
630,HINDUNILVR,Mar 2024,61896,334,47237.0,14659.0,24,817,1216,13926,26.0,10282,44.0,96.0,2024,202404,False,16.611735814915342,0.539614837792426,57.817625458996325
631,HINDUNILVR,TTM,62661,420,47902.0,14759.0,24,1461,1328,14472,,10757,46.0,,9999,99999,True,17.16697786501971,0.6702733757839805,32.78713210130048
632,ICICIBANK,Mar 2013,44885,28285,31684.0,-15085.0,-34,29320,625,13610,26.0,10130,15.0,24.0,2013,201304,False,22.568786899855187,63.016597972596635,1.0806275579809004
633,ICICIBANK,Mar 2014,49479,29711,32852.0,-13084.0,-26,30085,719,16282,28.0,11677,17.0,24.0,2014,201404,False,23.599911073384668,60.04769700276885,1.091972743892305
634,ICICIBANK,Mar 2015,54964,32318,38766.0,-16120.0,-29,35252,798,18334,29.0,12942,19.0,24.0,2015,201504,False,23.546321228440434,58.798486281929996,1.0996822875297856
635,ICICIBANK,Mar 2016,59294,33996,52252.0,-26955.0,-45,42102,843,14304,24.0,10927,16.0,29.0,2016,201604,False,18.428508786723782,57.334637568725334,1.241081183791744
636,ICICIBANK,Mar 2017,60940,34836,63841.0,-37737.0,-62,52458,912,13809,18.0,11340,16.0,14.0,2017,201704,False,18.608467344929437,57.1644240236298,1.2169926417324335
637,ICICIBANK,Mar 2018,62162,34262,72806.0,-44906.0,-72,56807,922,10978,17.0,9100,12.0,12.0,2018,201804,False,14.63916862391815,55.11727421897622,1.2816378263242205
638,ICICIBANK,Mar 2019,71982,39178,83775.0,-50971.0,-71,59325,946,7408,23.0,5689,7.0,15.0,2019,201904,False,7.903364730071407,54.427495762829594,1.4121365360303413
639,ICICIBANK,Mar 2020,84836,44666,85361.0,-45190.0,-53,64950,1171,18589,40.0,11225,15.0,0.0,2020,202004,False,13.231411193361309,52.64981847328964,1.3142571208622016
640,ICICIBANK,Mar 2021,89163,42659,91309.0,-44805.0,-50,72174,1340,26028,22.0,20364,27.0,8.0,2021,202104,False,22.83907001783251,47.84383656898041,1.2651231745503921
641,ICICIBANK,Mar 2022,95407,41167,80798.0,-26558.0,-28,62129,1330,34241,25.0,26538,36.0,14.0,2022,202204,False,27.815569088222038,43.14882555787311,1.3004876949572663
642,ICICIBANK,Mar 2023,121067,50543,87864.0,-17341.0,-14,65112,1515,46256,26.0,35461,49.0,16.0,2023,202304,False,29.290392922926973,41.7479577424071,1.3494286767416144
643,ICICIBANK,Mar 2024,159516,74108,99560.0,-14152.0,-9,76522,1935,60434,26.0,46081,63.0,16.0,2024,202404,False,28.888011233982798,46.45803555756162,1.301063746373592
644,ICICIBANK,TTM,180551,86404,125722.0,-31575.0,-17,101817,0,70242,,52416,70.0,,9999,99999,True,29.031132477804057,47.85573051381604,1.2347839751711405
645,ICICIGI,Mar 2013,4012,8,4191.0,-178.0,-4,586,49,351,0.0,353,8.0,0.0,2013,201304,False,8.798604187437686,0.19940179461615154,7.151877133105802
646,ICICIGI,Mar 2014,4352,9,4578.0,-225.0,-5,817,50,533,3.0,520,12.0,0.0,2014,201404,False,11.948529411764707,0.2068014705882353,5.603427172582619
647,ICICIGI,Mar 2015,4234,12,4456.0,-221.0,-5,992,54,705,17.0,585,13.0,15.0,2015,201504,False,13.816721776098253,0.28341993386868214,4.491935483870968
648,ICICIGI,Mar 2016,6033,0,5269.0,764.0,13,0,57,708,28.0,507,11.0,26.0,2016,201604,False,8.403779214321233,0.0,
649,ICICIGI,Mar 2017,7520,0,6601.0,919.0,12,-2,7,910,23.0,702,16.0,22.0,2017,201704,False,9.335106382978724,0.0,-3300.5
650,ICICIGI,Mar 2018,6912,59,7174.0,-262.0,-4,1569,51,1196,28.0,862,19.0,17.0,2018,201804,False,12.471064814814815,0.8535879629629629,4.572339069471001
651,ICICIGI,Mar 2019,11163,70,9494.0,1669.0,15,-2,0,1598,34.0,1049,23.0,26.0,2019,201904,False,9.39711547075159,0.6270715757412882,-4747.0
652,ICICIGI,Mar 2020,11517,0,9745.0,1772.0,15,15,90,1697,30.0,1194,26.0,13.0,2020,202004,False,10.367283146652774,0.0,649.6666666666666
653,ICICIGI,Mar 2021,12161,0,10090.0,2072.0,17,12,130,1954,25.0,1473,32.0,25.0,2021,202104,False,12.112490749116027,0.0,840.8333333333334
654,ICICIGI,Mar 2022,16026,0,15010.0,1016.0,6,809,141,1684,24.0,1271,26.0,35.0,2022,202204,False,7.93086234868339,0.0,18.553770086526576
655,ICICIGI,Mar 2023,17876,0,16612.0,1264.0,7,991,142,2113,18.0,1729,35.0,31.0,2023,202304,False,9.672186171402998,0.0,16.762865792129162
656,ICICIGI,Mar 2024,20487,0,17910.0,2577.0,13,112,134,2555,25.0,1919,39.0,28.0,2024,202404,False,9.366915605017816,0.0,159.91071428571428
657,ICICIGI,TTM,23301,0,19938.0,3363.0,14,-12,0,3351,,2518,51.0,,9999,99999,True,10.806403158662718,0.0,-1661.5
658,ICICIPRULI,Mar 2013,20025,14,19280.0,745.0,4,900,41,1591,5.0,1515,11.0,32.0,2013,201304,False,7.5655430711610485,0.06991260923845193,21.42222222222222
659,ICICIPRULI,Mar 2014,21888,15,20384.0,1504.0,7,129,47,1572,1.0,1561,11.0,70.0,2014,201404,False,7.131761695906433,0.06853070175438596,158.015503875969
660,ICICIPRULI,Mar 2015,34453,17,32798.0,1655.0,5,43,40,1642,0.0,1640,11.0,51.0,2015,201504,False,4.760107973180855,0.04934258264882593,762.7441860465116
661,ICICIPRULI,Mar 2016,20849,0,19008.0,1842.0,9,0,0,1842,10.0,1650,12.0,73.0,2016,201604,False,7.91404863542616,0.0,
662,ICICIPRULI,Mar 2017,37816,15,36010.0,1806.0,5,130,58,1863,10.0,1682,12.0,63.0,2017,201704,False,4.447852760736196,0.03966574994711233,277.0
663,ICICIPRULI,Mar 2018,38832,20,37062.0,1771.0,5,132,44,1839,12.0,1619,11.0,59.0,2018,201804,False,4.169241862381541,0.05150391429748661,280.77272727272725
664,ICICIPRULI,Mar 2019,41463,23,40922.0,541.0,1,813,57,1274,11.0,1139,8.0,40.0,2019,201904,False,2.747027470274703,0.05547114294672358,50.334563345633455
665,ICICIPRULI,Mar 2020,21025,0,21344.0,-319.0,-2,1578,61,1198,11.0,1067,7.0,11.0,2020,202004,False,5.074910820451843,0.0,13.52598225602028
666,ICICIPRULI,Mar 2021,83182,0,83572.0,-390.0,0,1669,60,1219,22.0,956,7.0,30.0,2021,202104,False,1.1492871053833762,0.0,50.07309766327142
667,ICICIPRULI,Mar 2022,63564,0,65728.0,-2163.0,-3,3191,67,961,21.0,759,5.0,10.0,2022,202204,False,1.194072116292241,0.0,20.59793168285804
668,ICICIPRULI,Mar 2023,50478,0,52235.0,-1757.0,-3,2925,84,1085,25.0,813,6.0,11.0,2023,202304,False,1.6106026387733272,0.0,17.85811965811966
669,ICICIPRULI,Mar 2024,90307,0,92136.0,-1829.0,-2,2970,113,1028,17.0,851,6.0,10.0,2024,202404,False,0.942341125272681,0.0,31.022222222222222
670,ICICIPRULI,TTM,77572,0,77251.0,321.0,0,933,0,1254,,974,7.0,,9999,99999,True,1.2556076934976539,0.0,82.79849946409432
697,INDUSINDBK,Mar 2013,6983,4750,1947.0,286.0,4,1363,73,1576,33.0,1061,20.0,15.0,2013,201304,False,15.194042675068022,68.02233996849492,1.4284666177549523
698,INDUSINDBK,Mar 2014,8254,5363,2555.0,335.0,4,1891,98,2128,34.0,1408,27.0,13.0,2014,201404,False,17.058395929246426,64.97455779016235,1.351136964569011
699,INDUSINDBK,Mar 2015,9692,6272,3133.0,288.0,3,2548,127,2709,34.0,1794,34.0,12.0,2015,201504,False,18.510111432108957,64.71316549731738,1.2295918367346939
700,INDUSINDBK,Mar 2016,11872,7355,4188.0,329.0,3,3297,157,3469,34.0,2286,38.0,12.0,2016,201604,False,19.255390835579515,61.95249326145552,1.27024567788899
701,INDUSINDBK,Mar 2017,14406,8343,5684.0,379.0,3,4171,191,4360,34.0,2868,48.0,13.0,2017,201704,False,19.908371511870055,57.91336942940441,1.3627427475425558
702,INDUSINDBK,Mar 2018,17281,9783,6555.0,942.0,5,4750,212,5481,34.0,3606,60.0,12.0,2018,201804,False,20.866847983334296,56.61130721601759,1.38
703,INDUSINDBK,Mar 2019,22261,13415,9283.0,-437.0,-2,5647,229,4981,34.0,3301,55.0,14.0,2019,201904,False,14.82862405103095,60.26234221283859,1.6438817071011156
704,INDUSINDBK,Mar 2020,28783,16724,12611.0,-553.0,-2,6951,278,6121,28.0,4418,64.0,0.0,2020,202004,False,15.349338150991903,58.103741792030014,1.814271327866494
705,INDUSINDBK,Mar 2021,29000,15472,15997.0,-2469.0,-9,6559,305,3784,25.0,2836,37.0,14.0,2021,202104,False,9.779310344827588,53.351724137931036,2.4389388626314985
706,INDUSINDBK,Mar 2022,30822,15822,15840.0,-839.0,-3,7334,321,6174,25.0,4611,60.0,14.0,2022,202204,False,14.960093439750827,51.333463110765045,2.1598036542132535
707,INDUSINDBK,Mar 2023,36368,18776,15525.0,2067.0,6,8166,373,9860,25.0,7390,95.0,15.0,2023,202304,False,20.320061592608887,51.62780466344039,1.9011756061719325
708,INDUSINDBK,Mar 2024,45748,25132,17638.0,2978.0,7,9388,425,11942,25.0,8950,115.0,14.0,2024,202404,False,19.56369677362945,54.93573489551456,1.8787814230933106
709,INDUSINDBK,TTM,49004,27577,20104.0,1323.0,3,9521,0,10844,,8122,104.0,,9999,99999,True,16.57415721165619,56.27499795935026,2.1115429051570214
710,INFY,Mar 2013,40352,28814,11538.0,29.0,2365,5,1099,12799,26.0,9429,21.0,25.0,2013,201304,False,23.366871530531323,71.40662172878667,2307.6
711,INFY,Mar 2014,50133,36743,13390.0,27.0,2664,9,1317,14728,28.0,10656,23.0,34.0,2014,201404,False,21.255460475136136,73.29104581812379,1487.7777777777778
712,INFY,Mar 2015,53319,38436,14883.0,28.0,3430,12,1017,17284,28.0,12372,27.0,55.0,2015,201504,False,23.20373600405109,72.08687334721206,1240.25
713,INFY,Mar 2016,62441,45362,17079.0,27.0,3120,0,1459,18740,28.0,13489,29.0,41.0,2016,201604,False,21.602793036626576,72.64777950385164,
714,INFY,Mar 2017,68484,49880,18604.0,27.0,3050,0,1703,19951,28.0,14353,31.0,41.0,2017,201704,False,20.958180012849716,72.83453069330062,
715,INFY,Mar 2018,70522,51700,18822.0,27.0,3311,0,1863,20270,21.0,16029,37.0,59.0,2018,201804,False,22.729077451008195,73.31045631150563,
716,INFY,Mar 2019,82675,62505,20170.0,24.0,2882,0,2011,21041,27.0,15410,35.0,60.0,2019,201904,False,18.639250075597218,75.60326579981856,
717,INFY,Mar 2020,90791,68524,22267.0,25.0,2803,170,2893,22007,24.0,16639,39.0,45.0,2020,202004,False,18.32670639160269,75.47444129924772,130.98235294117646
718,INFY,Mar 2021,100472,72583,27889.0,28.0,2201,195,3267,26628,27.0,19423,45.0,59.0,2021,202104,False,19.331754120550997,72.2420176765666,143.02051282051283
719,INFY,Mar 2022,121641,90150,31491.0,26.0,2295,200,3476,30110,26.0,22146,53.0,59.0,2022,202204,False,18.20603250548746,74.11152489703308,157.455
720,INFY,Mar 2023,146767,111637,35130.0,24.0,2701,284,4225,33322,28.0,24108,58.0,73.0,2023,202304,False,16.426035825492104,76.06410160322143,123.69718309859155
721,INFY,Mar 2024,153670,117245,36425.0,24.0,4711,470,4678,35988,27.0,26248,63.0,,2024,202404,False,17.08075746730006,76.29660961801262,77.5
722,INFY,TTM,159988,121843,38145.0,24.0,5138,424,4675,38184,,27687,67.0,,9999,99999,True,17.30567292546941,76.15758681901143,89.96462264150944
723,IOC,Mar 2013,461780,447919,13861.0,3.0,3499,7164,5692,4504,19.0,3627,3.0,36.0,2013,201304,False,0.7854389536142752,96.99835419463814,1.9348129536571748
724,IOC,Mar 2014,488345,471123,17222.0,4.0,5064,5948,6360,9978,30.0,6967,5.0,30.0,2014,201404,False,1.4266553358793475,96.47339483357052,2.8954270342972426
725,IOC,Mar 2015,449507,438932,10575.0,2.0,5860,4201,5219,7014,31.0,4872,3.0,33.0,2015,201504,False,1.0838540890353208,97.64742262078232,2.5172577957629136
726,IOC,Mar 2016,346045,324007,22038.0,6.0,5219,3487,5698,18072,31.0,12413,8.0,28.0,2016,201604,False,3.587105723244087,93.63146411593868,6.320045884714655
727,IOC,Mar 2017,355379,321230,34149.0,10.0,4356,3743,6806,27956,27.0,20385,14.0,45.0,2017,201704,False,5.736129596852938,90.39082219264503,9.123430403419716
728,IOC,Mar 2018,421492,379834,41658.0,10.0,4331,3875,7664,34450,34.0,22626,15.0,90.0,2018,201804,False,5.36807341539104,90.11653839218775,10.750451612903225
729,IOC,Mar 2019,528158,492896,35262.0,7.0,4097,4925,8506,25927,33.0,17274,12.0,49.0,2019,201904,False,3.2706122031664764,93.32358877457125,7.159796954314721
730,IOC,Mar 2020,483763,467710,16053.0,3.0,-7165,5792,10273,-7177,-74.0,-1876,-1.0,-437.0,2020,202004,False,-0.3877931962551911,96.68163956317453,2.7715814917127073
731,IOC,Mar 2021,363950,324021,39929.0,11.0,4696,2933,10941,30751,29.0,21762,15.0,51.0,2021,202104,False,5.9793927737326555,89.02898749828273,13.613706102966246
732,IOC,Mar 2022,589321,541563,47758.0,8.0,4332,5454,12348,34289,25.0,25727,18.0,46.0,2022,202204,False,4.365532536597202,91.8960973730785,8.756508984231756
733,IOC,Mar 2023,841756,811073,30683.0,4.0,5124,7588,13181,15038,22.0,11704,7.0,42.0,2023,202304,False,1.3904266794653084,96.3548819372835,4.043621507643648
734,IOC,Mar 2024,776352,700706,75646.0,10.0,5389,7881,15866,57288,25.0,43161,30.0,40.0,2024,202404,False,5.559462717942377,90.25622398087465,9.59852810557036
735,IOC,TTM,761485,728555,32930.0,4.0,7285,9231,16546,14438,,10909,8.0,,9999,99999,True,1.4325955205946275,95.67555500108341,3.5673274834795796
736,IRCTC,Mar 2015,1059,907,152.0,14.0,82,0,20,214,39.0,131,13.0,20.0,2015,201504,False,12.370160528800756,85.64683663833806,
737,IRCTC,Mar 2016,1367,1176,190.0,14.0,139,0,21,309,39.0,189,19.0,40.0,2016,201604,False,13.825896122896856,86.02779809802487,
738,IRCTC,Mar 2017,1520,1206,314.0,21.0,67,3,22,355,35.0,229,11.0,49.0,2017,201704,False,15.06578947368421,79.34210526315789,104.66666666666667
739,IRCTC,Mar 2018,1466,1192,274.0,19.0,99,3,24,346,36.0,221,11.0,21.0,2018,201804,False,15.075034106412005,81.30968622100954,91.33333333333333
740,IRCTC,Mar 2019,1870,1487,383.0,20.0,126,2,29,479,36.0,309,4.0,98.0,2019,201904,False,16.524064171122994,79.5187165775401,191.5
741,IRCTC,Mar 2020,2264,1562,703.0,31.0,77,10,40,730,30.0,513,6.0,39.0,2020,202004,False,22.659010600706715,68.99293286219081,70.3
742,IRCTC,Mar 2021,777,589,188.0,24.0,124,8,46,258,27.0,187,2.0,43.0,2021,202104,False,24.066924066924066,75.8043758043758,23.5
743,IRCTC,Mar 2022,1879,1005,874.0,47.0,72,11,49,885,26.0,660,8.0,42.0,2022,202204,False,35.125066524747204,53.485896753592336,79.45454545454545
744,IRCTC,Mar 2023,3541,2265,1276.0,36.0,148,16,54,1354,26.0,1006,13.0,44.0,2023,202304,False,28.410053657158997,63.9649816436035,79.75
745,IRCTC,Mar 2024,4270,2804,1466.0,34.0,106,19,57,1496,26.0,1111,14.0,47.0,2024,202404,False,26.01873536299766,65.66744730679157,77.15789473684211
746,IRCTC,TTM,4455,2950,1505.0,34.0,185,16,56,1617,,1200,15.0,,9999,99999,True,26.936026936026934,66.21773288439955,94.0625
747,IRFC,Mar 2013,5550,22,5528.0,100.0,2,4075,0,1454,64.0,522,222.0,21.0,2013,201304,False,9.405405405405405,0.3963963963963964,1.356564417177914
748,IRFC,Mar 2014,6197,19,6178.0,100.0,1,4607,0,1572,55.0,701,209.0,6.0,2014,201404,False,11.311925125060514,0.3065999677263192,1.3410028217929237
749,IRFC,Mar 2015,6939,34,6905.0,100.0,1,4992,0,1914,60.0,758,212.0,20.0,2015,201504,False,10.923764231157227,0.48998414757169617,1.383213141025641
750,IRFC,Mar 2016,7507,38,7468.0,99.0,1,5519,0,1950,56.0,849,188.0,40.0,2016,201604,False,11.309444518449448,0.506194218729186,1.3531436854502628
751,IRFC,Mar 2017,9047,26,9021.0,100.0,0,6888,0,2133,56.0,934,143.0,40.0,2017,201704,False,10.323864264397038,0.2873880844478833,1.3096689895470384
752,IRFC,Mar 2018,9267,38,9229.0,100.0,1,6638,0,2592,21.0,2055,3.0,18.0,2018,201804,False,22.17546131434121,0.4100571921873314,1.3903284121723412
753,IRFC,Mar 2019,11134,48,11085.0,100.0,0,8183,0,2902,22.0,2255,2.0,18.0,2019,201904,False,20.25327824681157,0.43111190946649897,1.354637663448613
754,IRFC,Mar 2020,13421,66,13355.0,100.0,0,10163,0,3192,0.0,3192,3.0,0.0,2020,202004,False,23.783622680873258,0.4917666343789584,1.3140804880448687
755,IRFC,Mar 2021,15771,113,15657.0,99.0,0,11237,4,4416,0.0,4416,3.0,31.0,2021,202104,False,28.000760890241583,0.7165049774903304,1.3933434190620273
756,IRFC,Mar 2022,20299,123,20177.0,99.0,2,14075,14,6090,0.0,6090,5.0,30.0,2022,202204,False,30.001477905315532,0.6059411793684418,1.4335346358792185
757,IRFC,Mar 2023,23722,134,23588.0,99.0,41,17447,14,6167,0.0,6167,5.0,32.0,2023,202304,False,25.996964842761994,0.5648764859623978,1.3519802831432337
758,IRFC,Mar 2024,26645,133,26513.0,100.0,10,20101,9,6412,0.0,6412,5.0,31.0,2024,202404,False,24.064552448864703,0.49915556389566523,1.3189891050196507
759,IRFC,TTM,26902,144,26758.0,99.0,8,20223,6,6537,,6537,5.0,,9999,99999,True,24.299308601590962,0.5352761876440414,1.3231469119319588
760,ITC,Mar 2013,31618,20398,11221.0,35.0,852,108,859,11106,31.0,7704,6.0,55.0,2013,201304,False,24.36586754380416,64.51388449617306,103.89814814814815
761,ITC,Mar 2014,35306,22227,13080.0,37.0,966,29,965,13052,31.0,9001,7.0,54.0,2014,201404,False,25.49425026907608,62.95530504730075,451.0344827586207
762,ITC,Mar 2015,38817,24566,14252.0,37.0,1229,91,1028,14362,32.0,9779,8.0,52.0,2015,201504,False,25.192570265605273,63.286704279053,156.6153846153846
763,ITC,Mar 2016,39192,24661,14531.0,37.0,1483,78,1077,14859,36.0,9501,8.0,73.0,2016,201604,False,24.242192284139623,62.923555827719944,186.2948717948718
764,ITC,Mar 2017,42768,27298,15470.0,36.0,1759,49,1153,16026,35.0,10477,8.0,56.0,2017,201704,False,24.497287691732136,63.828095772540216,315.7142857142857
765,ITC,Mar 2018,43449,26928,16521.0,38.0,2240,115,1236,17409,34.0,11493,9.0,56.0,2018,201804,False,26.45170199544293,61.976109921977496,143.66086956521738
766,ITC,Mar 2019,48340,29802,18537.0,38.0,2080,71,1397,19150,33.0,12836,10.0,56.0,2019,201904,False,26.553578816714936,61.650806785270994,261.0845070422535
767,ITC,Mar 2020,49388,30044,19344.0,39.0,2417,81,1645,20035,22.0,15593,12.0,82.0,2020,202004,False,31.57244674819794,60.83259091277233,238.8148148148148
768,ITC,Mar 2021,49257,32193,17065.0,35.0,2577,58,1646,17938,25.0,13383,11.0,101.0,2021,202104,False,27.16974237164261,65.35720811255253,294.2241379310345
769,ITC,Mar 2022,60645,40021,20623.0,34.0,1910,60,1732,20740,25.0,15503,12.0,93.0,2022,202204,False,25.563525434908072,65.99224997938823,343.71666666666664
770,ITC,Mar 2023,70919,45215,25704.0,36.0,2098,78,1809,25915,25.0,19477,15.0,100.0,2023,202304,False,27.463726222873987,63.75583412061647,329.53846153846155
771,ITC,Mar 2024,70866,44634,26233.0,37.0,2804,80,1816,27140,24.0,20751,16.0,84.0,2024,202404,False,29.282025230717128,62.98365930065194,327.9125
772,ITC,TTM,75135,48495,26640.0,35.0,2655,54,1940,27302,,20829,16.0,,9999,99999,True,27.722100219604712,64.54382112198044,493.3333333333333
773,JINDALSTEL,Mar 2013,19807,13701,6106.0,31.0,333,1067,1539,3833,24.0,2952,31.0,5.0,2013,201304,False,14.903821881153128,69.17251476750643,5.722586691658857
774,JINDALSTEL,Mar 2014,19286,13487,5799.0,30.0,349,1807,1829,2512,25.0,1896,21.0,7.0,2014,201404,False,9.830965467178263,69.9315565695323,3.2091864969562813
775,JINDALSTEL,Mar 2015,19401,13937,5464.0,28.0,-1399,2875,2733,-1543,-6.0,-1452,-14.0,0.0,2015,201504,False,-7.48415030153085,71.83650327302716,1.9005217391304348
776,JINDALSTEL,Mar 2016,19469,16032,3437.0,18.0,-79,3254,4068,-3964,-22.0,-3087,-32.0,0.0,2016,201604,False,-15.855976167240229,82.34629410858287,1.056238475722188
777,JINDALSTEL,Mar 2017,21603,16894,4709.0,22.0,-362,3441,3949,-3043,-17.0,-2538,-25.0,0.0,2017,201704,False,-11.74836828218303,78.20210155996851,1.3684975297878523
778,JINDALSTEL,Mar 2018,33286,26817,6469.0,19.0,-584,3866,3883,-1864,-13.0,-1616,-15.0,0.0,2018,201804,False,-4.85489394940816,80.56540287207835,1.673305742369374
779,JINDALSTEL,Mar 2019,46966,38553,8412.0,18.0,-1470,4264,5480,-2802,-14.0,-2412,-17.0,0.0,2019,201904,False,-5.135630030234638,82.087041689733,1.972795497185741
780,JINDALSTEL,Mar 2020,37923,31092,6831.0,18.0,74,3768,3429,-291,37.0,-400,-1.0,0.0,2020,202004,False,-1.0547688737705352,81.98718455818369,1.8128980891719746
781,JINDALSTEL,Mar 2021,34579,23646,10933.0,32.0,313,2753,2414,6078,30.0,4267,36.0,0.0,2021,202104,False,12.339859452268719,68.38254431880621,3.971304031965129
782,JINDALSTEL,Mar 2022,51166,35650,15515.0,30.0,-1840,1888,2097,9690,30.0,6766,56.0,5.0,2022,202204,False,13.223625063518742,69.67517492084588,8.217690677966102
783,JINDALSTEL,Mar 2023,53212,43270,9942.0,19.0,-539,1446,2691,5266,25.0,3974,31.0,6.0,2023,202304,False,7.468240246560925,81.31624445613771,6.875518672199171
784,JINDALSTEL,Mar 2024,50354,40153,10202.0,20.0,156,1294,2822,6241,5.0,5943,58.0,3.0,2024,202404,False,11.802438733764944,79.74143067085038,7.884080370942813
785,JINDALSTEL,TTM,50019,39693,10327.0,21.0,139,1293,3009,6163,,5060,50.0,,9999,99999,True,10.116155860772906,79.355844778984,7.986852281515855
786,JIOFIN,Mar 2023,45,6,39.0,88.0,10,0,0,49,37.0,31,,0.0,2023,202304,False,68.88888888888889,13.333333333333334,
787,JIOFIN,Mar 2024,1855,296,1559.0,84.0,429,10,22,1956,18.0,1605,3.0,0.0,2024,202404,False,86.52291105121293,15.95687331536388,155.9
788,JIOFIN,TTM,1968,437,1531.0,78.0,435,0,22,1944,,1607,3.0,,9999,99999,True,81.65650406504065,22.205284552845526,
789,JSWENERGY,Mar 2013,8870,6069,2801.0,32.0,9,963,662,1186,23.0,901,6.0,36.0,2013,201304,False,10.15783540022548,68.4216459977452,2.908618899273105
790,JSWENERGY,Mar 2014,8648,5394,3255.0,38.0,-179,1206,810,1060,27.0,760,5.0,43.0,2014,201404,False,8.788159111933396,62.37280296022202,2.699004975124378
791,JSWENERGY,Mar 2015,9347,5723,3624.0,39.0,196,1137,790,1892,27.0,1358,8.0,24.0,2015,201504,False,14.528725794372527,61.22820156199851,3.187335092348285
792,JSWENERGY,Mar 2016,9824,5796,4029.0,41.0,340,1498,854,2017,28.0,1460,9.0,22.0,2016,201604,False,14.861563517915311,58.998371335504885,2.6895861148197597
793,JSWENERGY,Mar 2017,8263,4939,3324.0,40.0,221,1685,969,892,30.0,623,4.0,13.0,2017,201704,False,7.53963451530921,59.77247972891202,1.972700296735905
794,JSWENERGY,Mar 2018,8049,5336,2713.0,34.0,47,1456,966,338,75.0,85,0.0,0.0,2018,201804,False,1.0560318051931916,66.29394955895143,1.8633241758241759
795,JSWENERGY,Mar 2019,9138,6283,2855.0,31.0,398,1192,1164,897,24.0,684,4.0,24.0,2019,201904,False,7.485226526592252,68.75683957102211,2.3951342281879193
796,JSWENERGY,Mar 2020,8273,5316,2957.0,36.0,376,1051,1738,544,6.0,1081,7.0,15.0,2020,202004,False,13.066602199927473,64.25722228937506,2.813510941960038
797,JSWENERGY,Mar 2021,6922,4009,2913.0,42.0,248,896,1167,1099,25.0,823,5.0,41.0,2021,202104,False,11.889627275353943,57.91678705576423,3.2511160714285716
798,JSWENERGY,Mar 2022,8167,4596,3572.0,44.0,575,777,1131,2238,22.0,1743,11.0,19.0,2022,202204,False,21.341986041386065,56.275254071262395,4.597168597168597
799,JSWENERGY,Mar 2023,10332,7050,3282.0,32.0,674,844,1169,1943,24.0,1480,9.0,22.0,2023,202304,False,14.3244289585753,68.23461091753774,3.8886255924170614
800,JSWENERGY,Mar 2024,11486,6104,5382.0,47.0,472,2053,1633,2167,20.0,1725,10.0,19.0,2024,202404,False,15.018283127285393,53.14295664286958,2.621529469069654
801,JSWENERGY,TTM,11416,6034,5382.0,47.0,648,2083,1594,2352,,1988,11.0,,9999,99999,True,17.41415557112824,52.85564120532585,2.583773403744599
802,JSWSTEEL,Mar 2013,38210,31698,6512.0,17.0,-307,1967,2237,1999,42.0,929,4.0,30.0,2013,201304,False,2.431300706621303,82.95734101020675,3.3106253177427556
803,JSWSTEEL,Mar 2014,51220,42051,9169.0,18.0,-1630,3048,3183,1308,70.0,402,2.0,74.0,2014,201404,False,0.7848496680983992,82.09878953533776,3.0082020997375327
804,JSWSTEEL,Mar 2015,52972,43608,9364.0,18.0,103,3493,3434,2539,32.0,1722,7.0,19.0,2015,201504,False,3.2507739938080498,82.3227365400589,2.6807901517320354
805,JSWSTEEL,Mar 2016,41546,35124,6422.0,15.0,-1966,3601,3323,-2468,-80.0,-481,-1.0,-67.0,2016,201604,False,-1.1577528522601455,84.54243489144562,1.7833935018050542
806,JSWSTEEL,Mar 2017,55604,43296,12308.0,22.0,18,3768,3430,5128,33.0,3467,15.0,19.0,2017,201704,False,6.235162937918135,77.8649018056255,3.2664543524416136
807,JSWSTEEL,Mar 2018,71933,57017,14916.0,21.0,-177,3701,3387,7651,20.0,6113,26.0,16.0,2018,201804,False,8.49818581179709,79.26403736810643,4.0302620913266685
808,JSWSTEEL,Mar 2019,84757,65827,18930.0,22.0,196,3917,4041,11168,33.0,7524,32.0,16.0,2019,201904,False,8.877142890852673,77.66556154653892,4.832780188920092
809,JSWSTEEL,Mar 2020,73326,61513,11813.0,16.0,-289,4265,4246,3013,-30.0,3919,17.0,15.0,2020,202004,False,5.344625371628072,83.8897526116248,2.7697538100820633
810,JSWSTEEL,Mar 2021,79839,59661,20178.0,25.0,473,3957,4679,12015,34.0,7873,33.0,25.0,2021,202104,False,9.861095454602388,74.72663735768234,5.09931766489765
811,JSWSTEEL,Mar 2022,146371,107257,39114.0,27.0,1600,4968,6001,29745,30.0,20938,85.0,25.0,2022,202204,False,14.304746158733629,73.27749349256342,7.8731884057971016
812,JSWSTEEL,Mar 2023,165960,147490,18470.0,11.0,1561,6902,7474,5655,27.0,4139,17.0,25.0,2023,202304,False,2.4939744516751023,88.8708122439142,2.6760359316140248
813,JSWSTEEL,Mar 2024,175006,146849,28157.0,16.0,1500,8105,8172,13380,33.0,8973,36.0,25.0,2024,202404,False,5.127252779904689,83.91083734271967,3.4740283775447254
814,JSWSTEEL,TTM,170274,147796,22478.0,13.0,267,8380,9006,5359,,3312,14.0,,9999,99999,True,1.9451002501849959,86.79892408705967,2.6823389021479715
815,KOTAKBANK,Mar 2013,10838,6024,6603.0,-1789.0,-17,5112,179,3144,30.0,2238,15.0,2.0,2013,201304,False,20.64956634065326,55.58221073998892,1.2916666666666667
816,KOTAKBANK,Mar 2014,11986,6312,7053.0,-1379.0,-12,5282,208,3695,32.0,2527,16.0,2.0,2014,201404,False,21.08293008509928,52.66143834473552,1.335289663006437
817,KOTAKBANK,Mar 2015,13319,6966,9718.0,-3366.0,-25,8152,237,4550,33.0,3105,20.0,2.0,2015,201504,False,23.312561003078308,52.30122381560177,1.1921000981354268
818,KOTAKBANK,Mar 2016,20402,11123,11541.0,-2263.0,-11,7631,345,5024,32.0,3524,19.0,3.0,2016,201604,False,17.27281639054995,54.5191647877659,1.512383698073647
819,KOTAKBANK,Mar 2017,22324,11458,14832.0,-3965.0,-18,11660,362,7332,32.0,5019,27.0,2.0,2017,201704,False,22.482530012542558,51.32592725318044,1.2720411663807891
820,KOTAKBANK,Mar 2018,25131,12467,16805.0,-4141.0,-16,13682,383,9158,33.0,6258,33.0,2.0,2018,201804,False,24.901516055867255,49.60805379809797,1.2282561029089314
821,KOTAKBANK,Mar 2019,29831,15187,19758.0,-5114.0,-17,16148,458,10576,33.0,7204,38.0,2.0,2019,201904,False,24.149374811437767,50.91012704904294,1.2235570968540996
822,KOTAKBANK,Mar 2020,33474,15901,22578.0,-5005.0,-15,16892,465,11422,25.0,8593,45.0,0.0,2020,202004,False,25.670669773555595,47.50253928422059,1.3366090457021076
823,KOTAKBANK,Mar 2021,32820,12967,29812.0,-9958.0,-30,23588,461,13168,25.0,9990,50.0,2.0,2021,202104,False,30.438756855575868,39.50944546008531,1.2638629811768696
824,KOTAKBANK,Mar 2022,33741,11554,30699.0,-8512.0,-25,24941,480,15948,25.0,12089,61.0,2.0,2022,202204,False,35.82881360955514,34.243205595566224,1.2308648410248186
825,KOTAKBANK,Mar 2023,42151,14411,33485.0,-5746.0,-14,25991,599,19646,25.0,14925,75.0,2.0,2023,202304,False,35.40841261180043,34.18898721264027,1.2883305759686046
826,KOTAKBANK,Mar 2024,56237,22567,47052.0,-13382.0,-24,38037,792,23863,25.0,18213,92.0,2.0,2024,202404,False,32.386151466116615,40.12838522680797,1.237006073034151
827,KOTAKBANK,TTM,64053,27327,50872.0,-14146.0,-22,43559,0,29413,,22530,113.0,,9999,99999,True,35.173996534120185,42.663107114420875,1.167887233407562
828,LICI,Mar 2019,571508,565587,5920.0,1.0,2615,0,336,8199,68.0,2627,,2.0,2019,201904,False,0.4596611071061123,98.96396900830786,
829,LICI,Mar 2020,628043,634989,-6947.0,-1.0,20870,0,379,13544,80.0,2710,,2.0,2020,202004,False,0.43149911709867,101.10597522781084,
830,LICI,Mar 2021,690914,691166,-252.0,0.0,12820,0,417,12151,76.0,2974,7.0,0.0,2021,202104,False,0.43044431000095523,100.03647342505724,
831,LICI,Mar 2022,723606,720280,3326.0,0.0,9248,0,436,12138,66.0,4125,57.0,23.0,2022,202204,False,0.5700616081127022,99.54035759791931,
832,LICI,Mar 2023,784628,750420,34207.0,4.0,7800,77,466,41463,13.0,35997,65.0,5.0,2023,202304,False,4.5877791768838225,95.64022696105671,444.24675324675326
833,LICI,Mar 2024,845966,813188,32779.0,4.0,14829,128,466,47014,13.0,40916,66.0,15.0,2024,202404,False,4.836600998148862,96.12537619715214,256.0859375
834,LICI,TTM,896106,870255,25851.0,3.0,16250,0,0,42102,,41468,,,9999,99999,True,4.627577541049831,97.11518503391339,
835,LODHA,Mar 2011,2173,1663,510.0,23.0,145,283,17,355,26.0,264,6.0,0.0,2011,201104,False,12.149102623101703,76.53014265991716,1.802120141342756
836,LODHA,Mar 2012,2954,2229,724.0,25.0,124,254,37,556,32.0,381,9.0,0.0,2012,201204,False,12.897765741367637,75.45700744752878,2.8503937007874014
837,LODHA,Mar 2015,6236,4769,1467.0,24.0,423,492,128,1269,37.0,798,18.0,0.0,2015,201504,False,12.796664528543939,76.47530468248877,2.981707317073171
838,LODHA,Mar 2016,8249,6123,2126.0,26.0,510,988,450,1198,41.0,703,16.0,0.0,2016,201604,False,8.522245120620681,74.2271790520063,2.151821862348178
839,LODHA,Mar 2017,7926,6313,1614.0,20.0,584,736,460,1001,42.0,584,13.0,0.0,2017,201704,False,7.368155437799646,79.64925561443351,2.192934782608696
840,LODHA,Mar 2018,9677,7995,1682.0,17.0,285,390,395,1182,33.0,794,10.0,0.0,2018,201804,False,8.20502221762943,82.61858013847267,4.312820512820513
841,LODHA,Mar 2019,11907,8728,3179.0,27.0,72,568,194,2489,34.0,1644,21.0,0.0,2019,201904,False,13.80700428319476,73.30141933316537,5.596830985915493
842,LODHA,Mar 2020,12443,10526,1917.0,15.0,119,740,292,1003,26.0,742,9.0,0.0,2020,202004,False,5.96319215623242,84.59374748854778,2.5905405405405406
843,LODHA,Mar 2021,5449,4066,1383.0,25.0,-140,1136,73,33,-44.0,48,1.0,0.0,2021,202104,False,0.8808955771701229,74.61919618278583,1.2174295774647887
844,LODHA,Mar 2022,9233,7047,2186.0,24.0,293,688,75,1716,30.0,1208,12.0,20.0,2022,202204,False,13.08350481966858,76.32405502003682,3.177325581395349
845,LODHA,Mar 2023,9470,7406,2064.0,22.0,-1037,482,93,452,-8.0,490,5.0,14.0,2023,202304,False,5.174234424498416,78.20485744456177,4.282157676348548
846,LODHA,Mar 2024,10316,7651,2665.0,26.0,48,482,204,2028,23.0,1554,16.0,,2024,202404,False,15.063978286157425,74.16634354400931,5.529045643153527
847,LODHA,TTM,13574,9761,3812.0,28.0,260,514,311,3248,,2511,25.0,,9999,99999,True,18.498600265212907,71.90953293060262,7.416342412451362
848,LT,Mar 2013,74426,63032,11394.0,15.0,2523,4642,1637,7638,31.0,5291,38.0,22.0,2013,201304,False,7.1090747856931715,84.69083384838632,2.4545454545454546
849,LT,Mar 2014,85054,70968,14086.0,17.0,1337,6494,1446,7483,35.0,4885,35.0,27.0,2014,201404,False,5.743410068897406,83.43875655465939,2.169079149984601
850,LT,Mar 2015,91929,76245,15684.0,17.0,1422,7266,2623,7217,31.0,4966,34.0,32.0,2015,201504,False,5.401995017894244,82.93900727735534,2.1585466556564823
851,LT,Mar 2016,101122,85637,15486.0,15.0,1219,6899,1787,8020,30.0,4592,31.0,40.0,2016,201604,False,4.541049425446491,84.68681394750895,2.2446731410349328
852,LT,Mar 2017,109312,92691,16620.0,15.0,1466,6829,2370,8887,23.0,6486,43.0,22.0,2017,201704,False,5.933474824355972,84.79489900468384,2.4337384682969687
853,LT,Mar 2018,119683,99572,20111.0,17.0,1465,7714,2223,11639,27.0,8004,53.0,30.0,2018,201804,False,6.687666585897746,83.19644393940659,2.6070780399274045
854,LT,Mar 2019,135220,112354,22866.0,17.0,2701,9339,1923,14305,28.0,10217,63.0,28.0,2019,201904,False,7.555834935660405,83.08977961839965,2.448442017346611
855,LT,Mar 2020,145452,120899,24553.0,17.0,3015,11021,2462,14086,23.0,10894,68.0,26.0,2020,202004,False,7.489756070731238,83.1195170915491,2.227837764268215
856,LT,Mar 2021,135979,112519,23460.0,17.0,8111,11750,2904,16918,24.0,12921,82.0,44.0,2021,202104,False,9.502202545981364,82.74733598570367,1.996595744680851
857,LT,Mar 2022,156521,132207,24314.0,16.0,2364,9235,2948,14495,29.0,10419,62.0,36.0,2022,202204,False,6.656614767347513,84.4659822004715,2.632809962100704
858,LT,Mar 2023,183341,156175,27166.0,15.0,2891,9445,3502,17109,26.0,12531,75.0,32.0,2023,202304,False,6.834805089968965,85.18280144648497,2.876230809952356
859,LT,Mar 2024,221113,191248,29865.0,14.0,3847,9512,3682,20517,24.0,15547,95.0,36.0,2024,202404,False,7.031246466738726,86.49333146400257,3.139718250630782
860,LT,TTM,238881,208066,30815.0,13.0,3995,9420,3964,21425,,16150,98.0,,9999,99999,True,6.760688376220796,87.10027168339047,3.271231422505308
861,LTIM,Mar 2013,3851,2981,870.0,23.0,22,21,123,749,25.0,562,174.0,54.0,2013,201304,False,14.593612048818489,77.40846533367957,41.42857142857143
862,LTIM,Mar 2014,4920,3773,1147.0,23.0,217,31,130,1204,17.0,996,309.0,55.0,2014,201404,False,20.243902439024392,76.6869918699187,37.0
863,LTIM,Mar 2015,4978,3973,1005.0,20.0,99,10,158,936,18.0,769,238.0,63.0,2015,201504,False,15.447971072719968,79.81116914423463,100.5
864,LTIM,Mar 2016,5846,4819,1028.0,18.0,187,6,174,1035,19.0,836,49.0,72.0,2016,201604,False,14.300376325692781,82.43243243243244,171.33333333333334
865,LTIM,Mar 2017,6501,5271,1230.0,19.0,187,3,178,1236,21.0,971,57.0,29.0,2017,201704,False,14.936163667128133,81.07983387171205,410.0
866,LTIM,Mar 2018,7306,6119,1187.0,16.0,426,16,156,1442,23.0,1112,65.0,33.0,2018,201804,False,15.22036682179031,83.75307966055297,74.1875
867,LTIM,Mar 2019,9446,7562,1883.0,20.0,302,11,147,2028,25.0,1516,87.0,32.0,2019,201904,False,16.049121321194157,80.05504975651068,171.1818181818182
868,LTIM,Mar 2020,10879,8849,2029.0,19.0,329,83,273,2003,24.0,1520,87.0,32.0,2020,202004,False,13.971872414744002,81.34019670925636,24.44578313253012
869,LTIM,Mar 2021,12370,9645,2725.0,22.0,274,79,332,2588,25.0,1938,111.0,36.0,2021,202104,False,15.666936135812449,77.97089733225546,34.49367088607595
870,LTIM,Mar 2022,26109,20860,5249.0,20.0,766,123,597,5294,25.0,3950,225.0,41.0,2022,202204,False,15.128882760733847,79.89582136428052,42.67479674796748
871,LTIM,Mar 2023,33183,27075,6108.0,18.0,557,150,723,5792,24.0,4410,149.0,40.0,2023,202304,False,13.289937618660158,81.59298435946117,40.72
872,LTIM,Mar 2024,35517,29130,6387.0,18.0,702,222,819,6049,24.0,4585,155.0,42.0,2024,202404,False,12.90931103415266,82.01706225187938,28.77027027027027
873,LTIM,TTM,37129,30695,6434.0,17.0,946,280,968,6133,,4574,154.0,,9999,99999,True,12.319211398098522,82.67122734250854,22.978571428571428
874,M&M,Mar 2013,68693,59578,9116.0,13.0,841,2297,2080,5580,35.0,4129,33.0,19.0,2013,201304,False,6.010801682849781,86.7308168226748,3.9686547670875054
875,M&M,Mar 2014,74001,63830,10170.0,14.0,773,2954,2170,5820,26.0,5154,38.0,18.0,2014,201404,False,6.964770746341266,86.25559114066026,3.4427894380501014
876,M&M,Mar 2015,71448,62655,8793.0,12.0,800,3157,2124,4313,40.0,3381,25.0,23.0,2015,201504,False,4.732112865300638,87.69314746388982,2.7852391510928096
877,M&M,Mar 2016,75841,65759,10082.0,13.0,1399,3368,2442,5672,37.0,3554,25.0,21.0,2016,201604,False,4.686119645046874,86.70639891351644,2.9934679334916865
878,M&M,Mar 2017,83773,73038,10735.0,13.0,2077,3647,2813,6350,36.0,4051,30.0,22.0,2017,201704,False,4.83568691583207,87.18560872834922,2.943515217987387
879,M&M,Mar 2018,92094,78868,13226.0,14.0,4366,3987,3280,10326,23.0,7958,60.0,11.0,2018,201804,False,8.641170977479531,85.6385866614546,3.3172811637822925
880,M&M,Mar 2019,104721,89514,15207.0,15.0,2676,5021,3991,8871,32.0,6017,43.0,17.0,2019,201904,False,5.745743451647711,85.47855730942217,3.02867954590719
881,M&M,Mar 2020,75382,65224,10158.0,13.0,885,6021,3367,1655,99.0,-321,1.0,205.0,2020,202004,False,-0.4258311002626622,86.52463452813669,1.6870951669157948
882,M&M,Mar 2021,74278,62791,11487.0,15.0,1152,6102,3378,3158,52.0,1512,15.0,54.0,2021,202104,False,2.035596004200436,84.53512480142169,1.8824975417895773
883,M&M,Mar 2022,90171,75488,14683.0,16.0,3204,5018,3508,9362,23.0,7253,53.0,20.0,2022,202204,False,8.043606037417796,83.71649421654412,2.9260661618174573
884,M&M,Mar 2023,121269,100983,20285.0,17.0,3961,5830,4357,14060,19.0,11374,83.0,18.0,2023,202304,False,9.379148834409454,83.27189966108403,3.479416809605489
885,M&M,Mar 2024,139078,114186,24892.0,18.0,3298,7488,4724,15978,23.0,12270,91.0,21.0,2024,202404,False,8.82238743726542,82.10212974014581,3.3242521367521367
886,M&M,TTM,145893,118688,27204.0,19.0,3365,8259,5007,17303,,13009,95.0,,9999,99999,True,8.916808894189577,81.35277223718754,3.2938612422811477
887,MARUTI,Mar 2013,44304,39944,4361.0,10.0,797,198,1890,3070,20.0,2470,82.0,10.0,2013,201304,False,5.575117370892019,90.15890213073313,22.025252525252526
888,MARUTI,Mar 2014,44542,39232,5310.0,12.0,724,184,2116,3734,24.0,2854,94.0,13.0,2014,201404,False,6.407435678685286,88.07866732522113,28.858695652173914
889,MARUTI,Mar 2015,50801,43909,6892.0,14.0,817,218,2515,4976,24.0,3809,126.0,20.0,2015,201504,False,7.49788389992323,86.43333792641877,31.61467889908257
890,MARUTI,Mar 2016,57589,48565,9024.0,16.0,1464,82,2822,7585,28.0,5497,182.0,19.0,2016,201604,False,9.54522565073191,84.33034086370661,110.04878048780488
891,MARUTI,Mar 2017,68085,57664,10421.0,15.0,2399,89,2604,10127,26.0,7511,249.0,30.0,2017,201704,False,11.031798487185137,84.69413233458177,117.08988764044943
892,MARUTI,Mar 2018,79809,67692,12118.0,15.0,2155,346,2760,11167,29.0,7881,261.0,31.0,2018,201804,False,9.874826147426981,84.81750178551292,35.02312138728324
893,MARUTI,Mar 2019,86068,75012,11056.0,13.0,2664,76,3021,10624,28.0,7651,253.0,32.0,2019,201904,False,8.889482734581959,87.15434307756658,145.47368421052633
894,MARUTI,Mar 2020,75660,68305,7355.0,10.0,3410,134,3528,7103,20.0,5678,188.0,32.0,2020,202004,False,7.504625958234206,90.27887919640497,54.88805970149254
895,MARUTI,Mar 2021,70372,64961,5411.0,8.0,3046,102,3034,5321,18.0,4389,145.0,31.0,2021,202104,False,6.236855567555278,92.31086227476837,53.049019607843135
896,MARUTI,Mar 2022,88330,82578,5752.0,7.0,1861,127,2789,4697,17.0,3880,128.0,47.0,2022,202204,False,4.3926185893807315,93.48805615306239,45.29133858267716
897,MARUTI,Mar 2023,118410,105288,13122.0,11.0,2415,252,4846,10438,21.0,8264,274.0,34.0,2023,202304,False,6.9791402753145855,88.91816569546491,52.07142857142857
898,MARUTI,Mar 2024,141858,123232,18626.0,13.0,4248,194,5256,17424,23.0,13488,429.0,29.0,2024,202404,False,9.50809964894472,86.8699685601094,96.01030927835052
899,MARUTI,TTM,145213,125446,19766.0,14.0,5002,212,5317,19240,,14021,446.0,,9999,99999,True,9.655471617554902,86.3875823789881,93.23584905660377
900,MOTHERSON,Mar 2013,25298,23819,1480.0,6.0,318,250,714,834,46.0,452,1.0,26.0,2013,201304,False,1.7867025061269666,94.15368803858013,5.92
901,MOTHERSON,Mar 2014,30414,28017,2397.0,8.0,311,294,817,1596,31.0,1097,2.0,29.0,2014,201404,False,3.6068915630959424,92.1187610968633,8.153061224489797
902,MOTHERSON,Mar 2015,34661,31817,2844.0,8.0,212,318,921,1817,29.0,1292,2.0,31.0,2015,201504,False,3.7275323851014104,91.7948126136003,8.943396226415095
903,MOTHERSON,Mar 2016,37216,33668,3548.0,10.0,177,345,1087,2293,23.0,1774,3.0,26.0,2016,201604,False,4.766766981943251,90.4664660361135,10.284057971014493
904,MOTHERSON,Mar 2017,42376,38204,4171.0,10.0,346,375,1059,3083,30.0,2172,3.0,18.0,2017,201704,False,5.12554276005286,90.15480460638096,11.122666666666667
905,MOTHERSON,Mar 2018,56303,51174,5128.0,9.0,125,411,1575,3267,31.0,2260,3.0,30.0,2018,201804,False,4.013995701827612,90.89036108200274,12.476885644768856
906,MOTHERSON,Mar 2019,63523,58174,5348.0,8.0,333,423,2058,3200,34.0,2098,3.0,29.0,2019,201904,False,3.3027407395746424,91.57942792374416,12.643026004728132
907,MOTHERSON,Mar 2020,60729,56075,4654.0,8.0,642,593,2721,1983,-5.0,1294,2.0,40.0,2020,202004,False,2.1307777174002536,92.33644552026215,7.8482293423271505
908,MOTHERSON,Mar 2021,57370,53000,4370.0,8.0,568,512,2926,1500,34.0,1569,2.0,46.0,2021,202104,False,2.7348788565452327,92.38277845563884,8.53515625
909,MOTHERSON,Mar 2022,63774,59060,4714.0,7.0,575,543,2958,1788,31.0,1182,1.0,34.0,2022,202204,False,1.8534198889829712,92.60827296390379,8.681399631675875
910,MOTHERSON,Mar 2023,78788,72537,6251.0,8.0,70,781,3136,2405,31.0,1670,2.0,29.0,2023,202304,False,2.119612123673656,92.06605066761435,8.003841229193341
911,MOTHERSON,Mar 2024,98692,89370,9322.0,9.0,140,1811,3810,3840,21.0,3020,4.0,20.0,2024,202404,False,3.0600251286831757,90.55445223523691,5.147432357813363
912,MOTHERSON,TTM,109382,98908,10474.0,10.0,955,2061,4272,5095,,4123,6.0,,9999,99999,True,3.769358761039294,90.42438426797827,5.081999029597283
913,NAUKRI,Mar 2013,472,351,121.0,26.0,24,3,12,130,41.0,76,8.0,12.0,2013,201304,False,16.101694915254235,74.36440677966102,40.333333333333336
914,NAUKRI,Mar 2014,567,471,97.0,17.0,48,3,21,120,49.0,60,8.0,30.0,2014,201404,False,10.582010582010582,83.06878306878306,32.333333333333336
915,NAUKRI,Mar 2015,732,711,21.0,3.0,89,4,47,60,99.0,-14,2.0,150.0,2015,201504,False,-1.912568306010929,97.1311475409836,5.25
916,NAUKRI,Mar 2016,748,656,91.0,12.0,111,3,24,175,33.0,118,11.0,27.0,2016,201604,False,15.775401069518717,87.70053475935828,30.333333333333332
917,NAUKRI,Mar 2017,888,896,-9.0,-1.0,50,4,33,5,99.0,-43,-2.0,-230.0,2017,201704,False,-4.842342342342342,100.9009009009009,-2.25
918,NAUKRI,Mar 2018,988,769,219.0,22.0,401,5,30,585,14.0,501,42.0,13.0,2018,201804,False,50.708502024291505,77.83400809716599,43.8
919,NAUKRI,Mar 2019,1151,1142,9.0,1.0,737,7,22,716,17.0,592,49.0,12.0,2019,201904,False,51.433536055603824,99.21807124239791,1.2857142857142858
920,NAUKRI,Mar 2020,1312,1662,-350.0,-27.0,286,14,48,-126,95.0,-246,-19.0,-31.0,2020,202004,False,-18.75,126.67682926829269,-25.0
921,NAUKRI,Mar 2021,1128,1054,74.0,7.0,1584,11,45,1602,12.0,1418,110.0,7.0,2021,202104,False,125.70921985815602,93.43971631205675,6.7272727272727275
922,NAUKRI,Mar 2022,1589,1143,446.0,28.0,13810,11,73,14200,9.0,12882,991.0,1.0,2022,202204,False,810.6985525487728,71.93203272498427,40.54545454545455
923,NAUKRI,Mar 2023,2346,1997,348.0,15.0,-116,18,73,141,99.0,-70,-8.0,-228.0,2023,202304,False,-2.9838022165387894,85.1236146632566,19.333333333333332
924,NAUKRI,Mar 2024,2536,1825,711.0,28.0,303,35,101,878,32.0,595,44.0,49.0,2024,202404,False,23.462145110410095,71.96372239747633,20.314285714285713
925,NAUKRI,TTM,2662,1911,751.0,28.0,560,22,104,1185,,551,36.0,,9999,99999,True,20.698722764838468,71.78812922614576,34.13636363636363
926,NESTLEIND,Dec 2013,9101,7153,1948.0,21.0,97,37,330,1678,33.0,1117,12.0,42.0,2013,201301,False,12.27337655202725,78.5957587078343,52.648648648648646
927,NESTLEIND,Dec 2014,9855,7816,2039.0,21.0,87,14,338,1774,33.0,1185,12.0,51.0,2014,201401,False,12.02435312024353,79.30999492643328,145.64285714285714
928,NESTLEIND,Dec 2015,8175,6620,1555.0,19.0,-391,3,347,814,31.0,563,6.0,83.0,2015,201501,False,6.886850152905198,80.97859327217125,518.3333333333334
929,NESTLEIND,Dec 2016,9141,7292,1850.0,20.0,140,91,354,1545,35.0,1001,10.0,61.0,2016,201601,False,10.95066185318893,79.772453779674,20.32967032967033
930,NESTLEIND,Dec 2017,10010,7913,2097.0,21.0,177,92,342,1839,33.0,1225,13.0,68.0,2017,201701,False,12.237762237762238,79.05094905094904,22.793478260869566
931,NESTLEIND,Dec 2018,11292,8675,2618.0,23.0,259,112,336,2429,34.0,1607,17.0,69.0,2018,201801,False,14.231314204746722,76.8243003896564,23.375
932,NESTLEIND,Dec 2019,12369,9443,2926.0,24.0,247,129,370,2673,26.0,1968,20.0,168.0,2019,201901,False,15.910744603444094,76.34408602150538,22.68217054263566
933,NESTLEIND,Dec 2020,13350,10149,3202.0,24.0,146,164,370,2813,26.0,2082,22.0,93.0,2020,202001,False,15.595505617977528,76.02247191011236,19.524390243902438
934,NESTLEIND,Dec 2021,14741,11178,3562.0,24.0,-112,202,391,2857,26.0,2118,22.0,91.0,2021,202101,False,14.368089003459739,75.82931958483142,17.633663366336634
935,NESTLEIND,Dec 2022,16897,13191,3706.0,22.0,107,155,403,3256,27.0,2391,25.0,89.0,2022,202201,False,14.150440906669823,78.06711250517844,23.90967741935484
936,NESTLEIND,Dec 2023,19126,14655,4471.0,23.0,116,119,429,4038,26.0,2999,31.0,56.0,2023,202301,False,15.680225870542715,76.62344452577643,37.57142857142857
937,NESTLEIND,Mar 2024,24394,18581,5813.0,24.0,159,145,538,5289,26.0,3933,41.0,79.0,2024,202404,False,16.12281708616873,76.17036976305648,40.08965517241379
938,NESTLEIND,TTM,19786,15060,4726.0,24.0,297,113,452,4458,26.0,3323,34.0,,9999,99999,True,16.794703325583747,76.11442434044274,41.823008849557525
939,NHPC,Mar 2013,6381,2229,4152.0,65.0,1595,611,1241,3895,26.0,2873,2.0,28.0,2013,201304,False,45.02429086350102,34.931828866948756,6.795417348608838
940,NHPC,Mar 2014,7389,3047,4342.0,59.0,889,1203,1499,2529,35.0,1633,1.0,27.0,2014,201404,False,22.10041954256327,41.23697388009202,3.6093100581878637
941,NHPC,Mar 2015,8221,3087,5134.0,62.0,1597,1296,1715,3718,25.0,2798,2.0,27.0,2015,201504,False,34.03478895511495,37.55017637756964,3.9614197530864197
942,NHPC,Mar 2016,8354,3571,4783.0,57.0,1174,1160,1432,3365,30.0,2365,2.0,81.0,2016,201604,False,28.309791716542975,42.74598994493656,4.123275862068965
943,NHPC,Mar 2017,8623,3739,4884.0,57.0,2245,1133,1462,4535,23.0,3480,3.0,61.0,2017,201704,False,40.357184274614404,43.36077931114461,4.310679611650485
944,NHPC,Mar 2018,7755,3508,4248.0,55.0,1185,924,1469,3040,8.0,2785,2.0,57.0,2018,201804,False,35.912314635718886,45.23533204384268,4.597402597402597
945,NHPC,Mar 2019,8983,4002,4981.0,55.0,1733,896,1658,4159,32.0,2836,3.0,56.0,2019,201904,False,31.570744740064566,44.55081821217856,5.559151785714286
946,NHPC,Mar 2020,10008,4562,5446.0,54.0,311,877,1614,3266,-2.0,3345,3.0,52.0,2020,202004,False,33.42326139088729,45.583533173461234,6.209806157354618
947,NHPC,Mar 2021,9648,4371,5277.0,55.0,1087,577,1292,4495,20.0,3600,3.0,49.0,2021,202104,False,37.3134328358209,45.3047263681592,9.145580589254767
948,NHPC,Mar 2022,9144,5131,4013.0,44.0,981,586,1190,3217,-17.0,3774,4.0,52.0,2022,202204,False,41.272965879265094,56.11329833770778,6.848122866894198
949,NHPC,Mar 2023,10607,4423,6184.0,58.0,743,475,1215,5237,19.0,4261,4.0,48.0,2023,202304,False,40.17158480248892,41.69887809936834,13.018947368421053
950,NHPC,Mar 2024,9632,4825,4807.0,50.0,2029,608,1184,5043,20.0,4028,4.0,53.0,2024,202404,False,41.81893687707641,50.09343853820598,7.90625
951,NHPC,TTM,9690,4675,5015.0,52.0,2094,718,1177,5213,20.0,3417,3.0,,9999,99999,True,35.26315789473684,48.24561403508772,6.984679665738161
952,NTPC,Mar 2013,71518,53370,18149.0,25.0,4777,2491,3823,16611,24.0,12586,13.0,38.0,2013,201304,False,17.598366844710423,74.62457003831203,7.285828984343637
953,NTPC,Mar 2014,78330,58603,19727.0,25.0,2792,3263,4770,14486,21.0,11403,12.0,42.0,2014,201404,False,14.557640750670242,74.81552406485382,6.045663499846767
954,NTPC,Mar 2015,79957,62605,17352.0,22.0,2338,3669,5565,10456,4.0,9992,10.0,21.0,2015,201504,False,12.496716985379642,78.29833535525344,4.7293540474243665
955,NTPC,Mar 2016,73396,54829,18568.0,25.0,1188,3366,5771,10618,-2.0,10781,11.0,26.0,2016,201604,False,14.688811379366722,74.70298108888768,5.516339869281046
956,NTPC,Mar 2017,82042,60445,21598.0,26.0,1592,3753,6010,13426,20.0,10714,11.0,37.0,2017,201704,False,13.059164818020038,73.67567831110895,5.754862776445511
957,NTPC,Mar 2018,88083,65598,22485.0,26.0,5576,4447,7460,16154,35.0,10502,11.0,40.0,2018,201804,False,11.922845497996208,74.47294029494908,5.056217674836969
958,NTPC,Mar 2019,100287,77576,22710.0,23.0,2818,5605,8669,11255,-25.0,14034,14.0,44.0,2019,201904,False,13.993837685841633,77.35399403711348,4.051739518287244
959,NTPC,Mar 2020,109464,77878,31586.0,29.0,8209,8189,10356,21250,44.0,11902,12.0,27.0,2020,202004,False,10.872981071402469,71.14485127530511,3.857125412138234
960,NTPC,Mar 2021,111531,77487,34044.0,31.0,5021,9224,12450,17390,14.0,14969,15.0,41.0,2021,202104,False,13.421380602702387,69.47575113645533,3.6908065915004338
961,NTPC,Mar 2022,132669,92307,40362.0,30.0,4809,9376,13788,22007,23.0,16960,17.0,41.0,2022,202204,False,12.7836947591374,69.57691698889718,4.304820819112628
962,NTPC,Mar 2023,176207,128611,47596.0,27.0,2561,11447,14792,23917,28.0,17121,17.0,42.0,2023,202304,False,9.716413082340656,72.98858728654368,4.157945313182493
963,NTPC,Mar 2024,178501,127045,51456.0,29.0,5190,12301,16204,28142,24.0,21332,21.0,36.0,2024,202404,False,11.950633329785267,71.17327073797905,4.183074546784814
964,NTPC,TTM,185892,133499,52392.0,28.0,6831,12475,17009,29739,24.0,22546,23.0,,9999,99999,True,12.12854775891378,71.8153551524541,4.199759519038076
965,ONGC,Mar 2013,161984,118482,43501.0,27.0,5488,484,11763,36742,35.0,23994,19.0,34.0,2013,201304,False,14.812574081390755,73.1442611615962,89.87809917355372
966,ONGC,Mar 2014,174121,124991,49130.0,28.0,7170,624,16262,39413,32.0,26665,21.0,31.0,2014,201404,False,15.314063208917936,71.78398929480075,78.73397435897436
967,ONGC,Mar 2015,160923,118610,42312.0,26.0,5955,2864,18033,27370,35.0,17703,14.0,44.0,2015,201504,False,11.000913480360172,73.70605817689206,14.773743016759777
968,ONGC,Mar 2016,124036,84901,39135.0,32.0,1067,3766,16384,20052,35.0,13102,10.0,56.0,2016,201604,False,10.563062336740945,68.44867619078332,10.391662241104621
969,ONGC,Mar 2017,282506,229702,52804.0,19.0,12724,3591,20119,41718,30.0,29169,19.0,40.0,2017,201704,False,10.325090440557014,81.308715567103,14.704539125591758
970,ONGC,Mar 2018,322706,265817,56889.0,18.0,10429,4999,23112,39208,34.0,26068,17.0,38.0,2018,201804,False,8.077940912161534,82.37126052815876,11.380076015203041
971,ONGC,Mar 2019,421624,346805,74819.0,18.0,9567,5837,23704,54846,38.0,33938,24.0,29.0,2019,201904,False,8.049352029296244,82.25456805115459,12.81805722117526
972,ONGC,Mar 2020,396728,344623,52105.0,13.0,982,7489,26635,18962,40.0,11456,9.0,58.0,2020,202004,False,2.8876207376338447,86.86631646871407,6.957537721992256
973,ONGC,Mar 2021,303849,254375,49473.0,16.0,11271,5079,25538,30126,29.0,21360,13.0,28.0,2021,202104,False,7.029807568891126,83.7175702404813,9.740696987595983
974,ONGC,Mar 2022,491246,411373,79874.0,16.0,6797,5696,26883,54091,9.0,49294,36.0,29.0,2022,202204,False,10.03448374134344,83.74073274896895,14.022823033707866
975,ONGC,Mar 2023,632291,556764,75527.0,12.0,-30,7889,24557,43051,24.0,32778,28.0,40.0,2023,202304,False,5.184005465837723,88.05502529689653,9.573710229433388
976,ONGC,Mar 2024,591396,488561,102835.0,17.0,12982,10194,28763,76860,26.0,57101,39.0,31.0,2024,202404,False,9.655290194725701,82.6114819849982,10.087796743182263
977,ONGC,TTM,658694,572824,85870.0,13.0,14458,12592,31646,56090,26.0,42320,33.0,,9999,99999,True,6.424834596944863,86.96359766446939,6.8194091486658195
978,PFC,Mar 2013,17314,331,5987.0,35.0,12,10995,6,5994,26.0,4438,13.0,21.0,2013,201304,False,25.63243617881483,1.911747718609218,0.5445202364711232
979,PFC,Mar 2014,21407,748,7607.0,36.0,23,13053,5,7624,28.0,5462,17.0,22.0,2014,201404,False,25.515018451908254,3.494184145373009,0.5827779054623459
980,PFC,Mar 2015,24988,1103,8429.0,34.0,25,15456,8,8446,29.0,6004,18.0,20.0,2015,201504,False,24.027533215943652,4.414118777012966,0.5453545548654244
981,PFC,Mar 2016,27861,2042,9162.0,33.0,25,16657,20,9167,33.0,6184,19.0,30.0,2016,201604,False,22.19590108036323,7.329241592189799,0.5500390226331272
982,PFC,Mar 2017,27581,5538,5275.0,19.0,30,16768,41,5264,58.0,2236,7.0,59.0,2017,201704,False,8.107030201950618,20.079039918784673,0.31458730916030536
983,PFC,Mar 2018,48624,6583,11752.0,24.0,42,30289,15,11779,25.0,8797,20.0,31.0,2018,201804,False,18.091888779203686,13.538581770319183,0.3879956419822378
984,PFC,Mar 2019,54106,1696,17783.0,33.0,94,34627,15,17862,29.0,12640,30.0,0.0,2019,201904,False,23.361549550881602,3.134587661257532,0.5135587836081671
985,PFC,Mar 2020,62189,7332,14012.0,23.0,105,40845,24,14093,33.0,9477,22.0,35.0,2020,202004,False,15.23902941034588,11.78986637508241,0.34305300526380217
986,PFC,Mar 2021,71656,7102,19871.0,28.0,46,44684,25,19891,21.0,15716,36.0,22.0,2021,202104,False,21.932566707602994,9.911242603550296,0.4447005639602542
987,PFC,Mar 2022,76262,8215,23338.0,31.0,79,44709,35,23382,20.0,18768,42.0,23.0,2022,202204,False,24.60989745876059,10.772075214392489,0.5219978080475967
988,PFC,Mar 2023,77684,4167,26501.0,34.0,47,47017,52,26496,20.0,21179,48.0,22.0,2023,202304,False,27.263014262911284,5.364038926934761,0.5636471914413935
989,PFC,Mar 2024,91508,-27,33573.0,37.0,69,57962,53,33588,21.0,26461,60.0,23.0,2024,202404,False,28.916597455960137,-0.029505616995235386,0.5792243193816639
990,PFC,TTM,98152,882,35764.0,36.0,109,61505,54,35820,21.0,28248,64.0,,9999,99999,True,28.77985165865189,0.8986062433776185,0.581481180391838
991,PIDILITIND,Mar 2013,3678,3120,558.0,15.0,107,16,69,581,27.0,424,8.0,31.0,2013,201304,False,11.52800435019032,84.82871125611744,34.875
992,PIDILITIND,Mar 2014,4283,3611,672.0,16.0,38,16,81,612,27.0,450,9.0,31.0,2014,201404,False,10.506654214335747,84.31006303992528,42.0
993,PIDILITIND,Mar 2015,4844,4073,771.0,16.0,40,16,118,678,25.0,514,10.0,29.0,2015,201504,False,10.611065235342693,84.08340214698596,48.1875
994,PIDILITIND,Mar 2016,5361,4188,1173.0,22.0,81,13,100,1141,29.0,807,16.0,26.0,2016,201604,False,15.05316172355904,78.11975377728035,90.23076923076923
995,PIDILITIND,Mar 2017,5617,4355,1262.0,22.0,115,14,115,1248,31.0,863,17.0,28.0,2017,201704,False,15.364073348762686,77.53249065337369,90.14285714285714
996,PIDILITIND,Mar 2018,6078,4737,1341.0,22.0,153,16,120,1359,29.0,966,19.0,32.0,2018,201804,False,15.893385982230997,77.93682132280355,83.8125
997,PIDILITIND,Mar 2019,7078,5707,1371.0,19.0,130,26,133,1342,31.0,928,18.0,36.0,2019,201904,False,13.111048318734106,80.63012150324951,52.73076923076923
998,PIDILITIND,Mar 2020,7294,5718,1576.0,22.0,97,34,170,1470,24.0,1122,22.0,32.0,2020,202004,False,15.382506169454347,78.3931998903208,46.35294117647059
999,PIDILITIND,Mar 2021,7293,5606,1686.0,23.0,74,37,201,1522,26.0,1126,22.0,38.0,2021,202104,False,15.439462498286026,76.86822980940629,45.567567567567565
1000,PIDILITIND,Mar 2022,9921,8065,1856.0,19.0,39,42,240,1614,25.0,1207,24.0,42.0,2022,202204,False,12.166112287067836,81.29220844672916,44.19047619047619
1001,PIDILITIND,Mar 2023,11799,9813,1986.0,17.0,55,48,270,1723,25.0,1289,25.0,44.0,2023,202304,False,10.924654631748453,83.16806509026189,41.375
1002,PIDILITIND,Mar 2024,12383,9675,2708.0,22.0,63,51,341,2379,27.0,1747,34.0,47.0,2024,202404,False,14.108051360736493,78.13130905273358,53.09803921568628
1003,PIDILITIND,TTM,12901,9949,2952.0,23.0,144,49,374,2673,,1973,38.0,,9999,99999,True,15.29338810944888,77.11805286411905,60.244897959183675
1004,PNB,Mar 2013,43071,12456,,,4310,27802,336,6786,27.0,5020,28.0,19.0,2013,201304,False,11.655174014998492,28.919690743191474,
1005,PNB,Mar 2014,44958,16112,,,4710,28220,367,4969,29.0,3674,20.0,10.0,2014,201404,False,8.172071711375061,35.837893144712844,
1006,PNB,Mar 2015,48710,18760,,,6175,31343,384,4397,24.0,3525,18.0,18.0,2015,201504,False,7.236707041675221,38.51365222746869,
1007,PNB,Mar 2016,50804,27453,,,6100,34331,413,-5293,-31.0,-3510,-19.0,-2.0,2016,201604,False,-6.908904810644831,54.03708369419731,
1008,PNB,Mar 2017,48058,22533,,,9168,32722,430,1540,41.0,1239,6.0,0.0,2017,201704,False,2.578134753839111,46.88709476049773,
1009,PNB,Mar 2018,48725,43345,,,8883,33530,581,-19849,-37.0,-12111,-44.0,0.0,2018,201804,False,-24.855823499230375,88.9584402257568,
1010,PNB,Mar 2019,52147,39645,,,7367,34656,584,-15370,-35.0,-9550,-21.0,0.0,2019,201904,False,-18.31361343893225,76.02546646978733,
1011,PNB,Mar 2020,54918,25867,,,9388,36997,614,827,56.0,485,1.0,0.0,2020,202004,False,0.883134855602899,47.101132597691105,
1012,PNB,Mar 2021,81935,38601,,,12777,50805,982,4325,38.0,2695,2.0,0.0,2021,202104,False,3.289192652712516,47.11173491182035,
1013,PNB,Mar 2022,76242,36026,,,12329,46823,896,4826,19.0,3908,4.0,18.0,2022,202204,False,5.125783688780462,47.252170719550904,
1014,PNB,Mar 2023,86845,41502,,,12529,51817,905,5151,35.0,3359,3.0,21.0,2023,202304,False,3.8678104669238302,47.788588865219644,
1015,PNB,Mar 2024,109065,39623,,,14158,68534,906,14160,35.0,9157,8.0,18.0,2024,202404,False,8.395910695456838,36.329711639847794,
1016,PNB,TTM,116126,36345,,,15249,73977,0,21054,,14535,13.0,,9999,99999,True,12.516576821728123,31.2979005562923,
1017,POWERGRID,Mar 2013,13081,2244,10837.0,83.0,966,2599,3428,5776,25.0,4313,5.0,31.0,2013,201304,False,32.97148536044645,17.154651785031724,4.169680646402463
1018,POWERGRID,Mar 2014,15555,2588,12967.0,83.0,725,3254,4079,6359,28.0,4548,5.0,30.0,2014,201404,False,29.238187078109934,16.63773706203793,3.984941610325753
1019,POWERGRID,Mar 2015,17540,2613,14927.0,85.0,731,4081,5173,6404,21.0,5046,5.0,21.0,2015,201504,False,28.76852907639681,14.897377423033067,3.6576819407008085
1020,POWERGRID,Mar 2016,20652,2468,18184.0,88.0,656,5086,6182,7572,21.0,5959,6.0,20.0,2016,201604,False,28.854348247143136,11.950416424559366,3.5753047581596538
1021,POWERGRID,Mar 2017,25697,3247,22450.0,87.0,933,6204,7722,9457,21.0,7451,8.0,31.0,2017,201704,False,28.995602599525238,12.63571623146671,3.618633139909736
1022,POWERGRID,Mar 2018,29954,3993,25961.0,87.0,4065,7324,9231,13471,39.0,8204,9.0,33.0,2018,201804,False,27.388662616011217,13.330440008012284,3.5446477334789734
1023,POWERGRID,Mar 2019,35059,8140,26920.0,77.0,1505,8737,10541,9147,-10.0,10034,11.0,43.0,2019,201904,False,28.62032573661542,23.2180039362218,3.0811491358589906
1024,POWERGRID,Mar 2020,37744,4858,32886.0,87.0,2820,9509,11607,14590,24.0,11059,12.0,47.0,2020,202004,False,29.300021195421788,12.870919881305637,3.458407824166579
1025,POWERGRID,Mar 2021,39640,4734,34906.0,88.0,769,8135,12039,15501,22.0,12036,13.0,52.0,2021,202104,False,30.363269424823407,11.942482341069628,4.290842040565458
1026,POWERGRID,Mar 2022,41622,5796,35826.0,86.0,4692,8036,12872,19610,14.0,16824,18.0,61.0,2022,202204,False,40.420931238287444,13.925327951564077,4.458188153310105
1027,POWERGRID,Mar 2023,45603,6028,39576.0,87.0,1093,9634,13333,17702,13.0,15420,17.0,67.0,2023,202304,False,33.81356489704624,13.21842861215271,4.107951006850737
1028,POWERGRID,Mar 2024,45843,6017,39826.0,87.0,556,8773,13095,18514,16.0,15573,17.0,67.0,2024,202404,False,33.97028990249329,13.125231769299567,4.539610167559558
1029,POWERGRID,TTM,45812,6577,39235.0,86.0,1886,8854,13045,19221,,15712,17.0,,9999,99999,True,34.296690823365054,14.356500480223522,4.431330472103005
1030,RECLTD,Mar 2013,13634,365,13270.0,97.0,4,8083,4,5186,26.0,3833,15.0,21.0,2013,201304,False,28.113539680211236,2.677130702655127,1.641717184213782
1031,RECLTD,Mar 2014,17223,572,16650.0,97.0,6,10035,5,6617,28.0,4741,18.0,20.0,2014,201404,False,27.527143935435173,3.321140335597747,1.6591928251121075
1032,RECLTD,Mar 2015,20544,1149,19395.0,94.0,6,11840,8,7552,29.0,5344,20.0,20.0,2015,201504,False,26.012461059190027,5.592873831775701,1.6380912162162162
1033,RECLTD,Mar 2016,24125,1680,22445.0,93.0,4,14282,20,8147,30.0,5691,22.0,30.0,2016,201604,False,23.589637305699483,6.963730569948187,1.5715586052373618
1034,RECLTD,Mar 2017,24338,1888,22450.0,92.0,24,13462,40,8972,30.0,6313,24.0,30.0,2017,201704,False,25.938861040348428,7.757416385898595,1.6676571088991234
1035,RECLTD,Mar 2018,22658,3379,19279.0,85.0,18,13333,7,5958,25.0,4451,17.0,41.0,2018,201804,False,19.644275752493602,14.913054991614441,1.4459611490287256
1036,RECLTD,Mar 2019,25408,1702,23705.0,93.0,33,15639,8,8090,29.0,5741,22.0,38.0,2019,201904,False,22.59524559193955,6.698677581863979,1.5157618773578874
1037,RECLTD,Mar 2020,29942,3981,25961.0,87.0,72,18991,12,7030,29.0,4972,19.0,44.0,2020,202004,False,16.605437178545188,13.295705029724134,1.3670159549260177
1038,RECLTD,Mar 2021,35557,3292,32265.0,91.0,15,21489,11,10780,22.0,8378,32.0,30.0,2021,202104,False,23.562167786933657,9.258373878561184,1.5014658662571547
1039,RECLTD,Mar 2022,39276,4838,34438.0,88.0,62,22051,18,12431,19.0,10036,38.0,30.0,2022,202204,False,25.55250025460841,12.317954985232712,1.561743231599474
1040,RECLTD,Mar 2023,39486,1858,37628.0,95.0,28,23733,24,13898,20.0,11167,42.0,30.0,2023,202304,False,28.28090968951021,4.70546522818214,1.5854717060632875
1041,RECLTD,Mar 2024,47517,-366,47883.0,101.0,48,29948,24,17960,21.0,14145,54.0,30.0,2024,202404,False,29.7682934528695,-0.7702506471368142,1.5988713770535594
1042,RECLTD,TTM,51490,630,50860.0,99.0,87,32075,24,18848,,14885,57.0,,9999,99999,True,28.908525927364536,1.2235385511749854,1.5856586126266563
1043,RELIANCE,Mar 2013,395957,362802,33155.0,8.0,7757,3463,11232,26217,20.0,20886,15.0,13.0,2013,201304,False,5.274815194579209,91.62661602143667,9.574068726537684
1044,RELIANCE,Mar 2014,433521,398586,34935.0,8.0,8865,3836,11201,28763,22.0,22548,16.0,12.0,2014,201404,False,5.2011321250873666,91.94156684451272,9.107142857142858
1045,RELIANCE,Mar 2015,374372,336923,37449.0,10.0,8528,3316,11547,31114,24.0,23640,17.0,12.0,2015,201504,False,6.314574807945039,89.9968480548759,11.293425814234016
1046,RELIANCE,Mar 2016,272583,230802,41781.0,15.0,12212,3691,11565,38737,23.0,29861,22.0,10.0,2016,201604,False,10.954828437576811,84.67219158935076,11.31969655919805
1047,RELIANCE,Mar 2017,303954,257647,46307.0,15.0,9222,3849,11646,40034,25.0,29833,22.0,11.0,2017,201704,False,9.81497200234246,84.76512893398343,12.030917121330216
1048,RELIANCE,Mar 2018,390823,326508,64315.0,16.0,9869,8052,16706,49426,27.0,36080,27.0,10.0,2018,201804,False,9.231800584919515,83.54370136865026,7.987456532538499
1049,RELIANCE,Mar 2019,568337,484087,84250.0,15.0,8406,16495,20934,55227,28.0,39837,29.0,10.0,2019,201904,False,7.00939759332931,85.17604871757426,5.107608366171567
1050,RELIANCE,Mar 2020,596679,507413,89266.0,15.0,8570,22027,22203,53606,26.0,39880,29.0,10.0,2020,202004,False,6.683660728800578,85.03952711591995,4.052571843646434
1051,RELIANCE,Mar 2021,466307,385517,80790.0,17.0,22432,21189,26572,55461,3.0,53739,39.0,9.0,2021,202104,False,11.524382005845935,82.67450413568743,3.8128274104488176
1052,RELIANCE,Mar 2022,694673,586092,108581.0,16.0,19600,14584,29782,83815,19.0,67845,45.0,9.0,2022,202204,False,9.76646566082171,84.36948031663819,7.445213933077345
1053,RELIANCE,Mar 2023,876396,734078,142318.0,16.0,12020,19571,40303,94464,22.0,74088,49.0,9.0,2023,202304,False,8.45371270521545,83.76099388860744,7.271881866026264
1054,RELIANCE,Mar 2024,899041,736543,162498.0,18.0,16179,23118,50832,104727,25.0,79020,51.0,10.0,2024,202404,False,8.789365557299389,81.92540718387704,7.02906825849987
1055,RELIANCE,TTM,939838,775710,164128.0,17.0,17607,23875,53226,104634,,79941,51.0,,9999,99999,True,8.505827600075758,82.53656481223359,6.874471204188482
1056,SBILIFE,Mar 2013,14870,14443,427.0,3.0,292,4,25,690,9.0,630,6.0,8.0,2013,201304,False,4.236718224613315,97.12844653665097,106.75
1057,SBILIFE,Mar 2014,17258,16747,511.0,3.0,344,5,35,816,11.0,728,7.0,14.0,2014,201404,False,4.218333526480473,97.03905435160505,102.2
1058,SBILIFE,Mar 2015,23399,22505,794.0,3.0,183,4,34,939,13.0,815,8.0,15.0,2015,201504,False,3.4830548314030514,96.17932390273089,198.5
1059,SBILIFE,Mar 2016,19324,18404,920.0,5.0,129,5,37,1007,16.0,844,8.0,14.0,2016,201604,False,4.367625750362244,95.2390809356241,184.0
1060,SBILIFE,Mar 2017,30548,29479,1068.0,4.0,139,5,48,1154,17.0,955,10.0,16.0,2017,201704,False,3.1262275762734055,96.50058923661123,213.6
1061,SBILIFE,Mar 2018,34068,32736,1332.0,4.0,156,6,59,1422,19.0,1150,12.0,17.0,2018,201804,False,3.3756017377010687,96.0901725959845,222.0
1062,SBILIFE,Mar 2019,44604,43130,1474.0,3.0,266,8,92,1642,19.0,1327,13.0,15.0,2019,201904,False,2.9750695004932295,96.69536364451619,184.25
1063,SBILIFE,Mar 2020,43798,42447,1351.0,3.0,529,0,89,1790,21.0,1422,14.0,0.0,2020,202004,False,3.246723594684689,96.91538426412166,
1064,SBILIFE,Mar 2021,81913,81040,872.0,1.0,867,0,99,1640,11.0,1456,15.0,17.0,2021,202104,False,1.7774956356133946,98.9342351030972,
1065,SBILIFE,Mar 2022,82983,82254,730.0,1.0,1032,0,75,1687,11.0,1506,15.0,13.0,2022,202204,False,1.8148295434004555,99.12150681464878,
1066,SBILIFE,Mar 2023,80636,80514,122.0,0.0,1862,10,68,1906,10.0,1721,17.0,15.0,2023,202304,False,2.1342824544868297,99.84870281263952,12.2
1067,SBILIFE,Mar 2024,131988,131742,246.0,0.0,1917,9,76,2078,9.0,1894,19.0,14.0,2024,202404,False,1.4349789374791648,99.81361941994726,27.333333333333332
1068,SBILIFE,TTM,130073,129065,1007.0,1.0,1636,0,0,2643,,2411,24.0,,9999,99999,True,1.8535745312247738,99.22505054853814,
1069,SBIN,Mar 2013,167976,66283,-5124.0,-3.0,32584,106818,1577,25882,29.0,18555,26.0,16.0,2013,201304,False,11.046220888698386,39.45980378149259,-0.047969443352244005
1070,SBIN,Mar 2014,189062,82198,-14614.0,-8.0,37882,121479,1942,21326,32.0,14807,19.0,16.0,2014,201404,False,7.831822365150057,43.47674307898996,-0.12030062809209822
1071,SBIN,Mar 2015,207974,96675,-21879.0,-11.0,49315,133179,1581,25855,32.0,17832,23.0,15.0,2015,201504,False,8.574148691663382,46.48417590660371,-0.16428265717568086
1072,SBIN,Mar 2016,220633,109985,-32399.0,-15.0,52828,143047,2252,18177,30.0,13019,16.0,17.0,2016,201604,False,5.900749207960731,49.84975049063377,-0.2264919921424427
1073,SBIN,Mar 2017,230447,145666,-64334.0,-28.0,68193,149115,2915,945,99.0,-97,0.0,859.0,2017,201704,False,-0.042092107946729615,63.21019583678677,-0.43143882238540726
1074,SBIN,Mar 2018,228970,169065,-86697.0,-38.0,77557,146603,3105,-12245,-66.0,-3749,-5.0,0.0,2018,201804,False,-1.6373324016246669,73.83718391055596,-0.591372618568515
1075,SBIN,Mar 2019,253322,166104,-68649.0,-27.0,77365,155867,3496,5220,41.0,3351,3.0,0.0,2019,201904,False,1.322822336788751,65.57030182929236,-0.44043318983492336
1076,SBIN,Mar 2020,269852,172909,-64181.0,-24.0,98159,161124,3662,30317,40.0,21140,22.0,0.0,2020,202004,False,7.833923780442613,64.07549323332789,-0.39833296094933096
1077,SBIN,Mar 2021,278115,192821,-70715.0,-25.0,107222,156010,3711,32796,26.0,23888,25.0,16.0,2021,202104,False,8.589252647286195,69.33139169048775,-0.45327222613935003
1078,SBIN,Mar 2022,289973,197349,-63570.0,-22.0,117000,156194,3691,49739,27.0,37183,40.0,18.0,2022,202204,False,12.822917995813404,68.05771571835999,-0.4069938666017901
1079,SBIN,Mar 2023,350845,204303,-43439.0,-12.0,122534,189981,3696,75399,25.0,57750,62.0,18.0,2023,202304,False,16.460260228876,58.23169775826932,-0.22864918070754445
1080,SBIN,Mar 2024,439189,239750,-60297.0,-14.0,155386,259736,3849,91240,25.0,69543,75.0,18.0,2024,202404,False,15.83441297482405,54.58925428460184,-0.23214725721501833
1081,SBIN,TTM,469625,244759,-59190.0,-13.0,157189,284056,0,97999,,74461,80.0,,9999,99999,True,15.855416555762577,52.117966462603135,-0.20837440504689217
1082,SHREECEM,Jun 2013,5418,3857,1561.0,29.0,187,193,436,1119,10.0,1004,288.0,7.0,2013,201307,False,18.530823181985973,71.18863049095607,8.088082901554404
1083,SHREECEM,Jun 2014,5715,4325,1390.0,24.0,104,129,550,815,3.0,787,226.0,10.0,2014,201407,False,13.770778652668417,75.67804024496938,10.775193798449612
1084,SHREECEM,Jun 2015,6259,4916,1344.0,21.0,102,121,925,401,-6.0,426,122.0,20.0,2015,201507,False,6.806199073334398,78.54289822655376,11.107438016528926
1085,SHREECEM,Mar 2016 9m,5514,4107,1407.0,26.0,673,76,828,1176,3.0,1143,328.0,7.0,2016,201604,False,20.729053318824807,74.48313384113166,18.513157894736842
1086,SHREECEM,Mar 2017,8594,6081,2513.0,29.0,362,129,1215,1531,13.0,1339,384.0,36.0,2017,201704,False,15.580637654177332,70.75866883872469,19.48062015503876
1087,SHREECEM,Mar 2018,9833,7360,2473.0,25.0,389,135,899,1827,24.0,1384,397.0,13.0,2018,201804,False,14.075053391640393,74.84999491508187,18.31851851851852
1088,SHREECEM,Mar 2019,12555,9758,2797.0,22.0,69,248,1472,1146,11.0,1015,289.0,21.0,2019,201904,False,8.084428514536041,77.72202309836719,11.278225806451612
1089,SHREECEM,Mar 2020,12868,9098,3771.0,29.0,263,291,1808,1934,20.0,1544,426.0,26.0,2020,202004,False,11.998756605533105,70.70251787379546,12.958762886597938
1090,SHREECEM,Mar 2021,13560,9468,4091.0,30.0,426,251,1262,3004,24.0,2337,646.0,9.0,2021,202104,False,17.234513274336283,69.82300884955752,16.298804780876495
1091,SHREECEM,Mar 2022,15010,11300,3710.0,25.0,544,263,1146,2892,19.0,1269,352.0,14.0,2022,202204,False,8.454363757495004,75.28314457028648,14.106463878326997
1092,SHREECEM,Mar 2023,17852,14893,2960.0,17.0,459,263,1661,1495,15.0,2369,664.0,28.0,2023,202304,False,13.270221823885278,83.4248263499888,11.254752851711027
1093,SHREECEM,Mar 2024,20521,16003,4518.0,22.0,597,258,1897,2959,19.0,1733,480.0,16.0,2024,202404,False,8.445007553238145,77.98352906778422,17.511627906976745
1094,SHREECEM,TTM,19802,15576,4226.0,21.0,618,229,2566,2049,,1733,480.0,,9999,99999,True,8.751641248358752,78.65872134127866,18.45414847161572
1095,SHRIRAMFIN,Mar 2013,7009,1738,2179.0,31.0,7,3092,23,2163,32.0,1463,12.0,11.0,2013,201304,False,20.873163076045085,24.79668997003852,0.7047218628719275
1096,SHRIRAMFIN,Mar 2014,8476,2244,1999.0,24.0,4,4233,33,1970,31.0,1358,11.0,12.0,2014,201404,False,16.021708352996697,26.474752241623406,0.47224190881171746
1097,SHRIRAMFIN,Mar 2015,9177,2781,1691.0,18.0,2,4706,43,1650,38.0,1028,8.0,22.0,2015,201504,False,11.201917838073443,30.30402092186989,0.35932851678708033
1098,SHRIRAMFIN,Mar 2016,10359,3447,1824.0,18.0,3,5088,38,1789,34.0,1184,9.0,19.0,2016,201604,False,11.429674679023073,33.27541268462207,0.3584905660377358
1099,SHRIRAMFIN,Mar 2017,10903,3712,1972.0,18.0,1,5219,35,1938,35.0,1266,10.0,7.0,2017,201704,False,11.611483078051913,34.04567550215537,0.3778501628664495
1100,SHRIRAMFIN,Mar 2018,13502,3288,3805.0,28.0,127,6409,37,3896,35.0,2549,20.0,10.0,2018,201804,False,18.878684639312695,24.35194785957636,0.5936963644874396
1101,SHRIRAMFIN,Mar 2019,15536,4171,3801.0,24.0,20,7564,43,3778,32.0,2576,20.0,11.0,2019,201904,False,16.580844490216272,26.84732234809475,0.5025118984664199
1102,SHRIRAMFIN,Mar 2020,16561,4683,3565.0,22.0,14,8313,141,3439,27.0,2512,20.0,5.0,2020,202004,False,15.168166173540246,28.27727794215325,0.4288463851798388
1103,SHRIRAMFIN,Mar 2021,17422,4932,3402.0,20.0,14,9089,137,3278,24.0,2499,18.0,18.0,2021,202104,False,14.343932958328551,28.309034554012168,0.3742986027065684
1104,SHRIRAMFIN,Mar 2022,19255,5816,3666.0,19.0,18,9773,135,3549,24.0,2721,20.0,20.0,2022,202204,False,14.131394443001819,30.205141521682684,0.3751151130666121
1105,SHRIRAMFIN,Mar 2023,30492,8706,8799.0,29.0,16,12987,601,8214,27.0,6020,32.0,22.0,2023,202304,False,19.742883379247015,28.551751279024007,0.6775236775236775
1106,SHRIRAMFIN,Mar 2024,36388,10278,10523.0,29.0,25,15588,588,9960,26.0,7399,39.0,23.0,2024,202404,False,20.333626470264925,28.245575464438826,0.6750705671028997
1107,SHRIRAMFIN,TTM,39864,11228,11416.0,29.0,1800,17220,628,12588,,9454,50.0,,9999,99999,True,23.715633152719246,28.165763596227173,0.6629500580720092
1108,SIEMENS,Sep 2011,11955,10784,1171.0,10.0,299,26,154,1290,33.0,868,,24.0,2011,201110,False,7.26056043496445,90.20493517356755,45.03846153846154
1109,SIEMENS,Sep 2014,10678,10559,119.0,1.0,985,31,229,844,28.0,603,17.0,35.0,2014,201410,False,5.6471249297621275,98.8855590934632,3.838709677419355
1110,SIEMENS,Sep 2015,10563,9565,998.0,9.0,943,30,224,1688,30.0,1174,33.0,30.0,2015,201510,False,11.114266780270757,90.55192653602197,33.266666666666666
1111,SIEMENS,Sep 2016,10837,9815,1021.0,9.0,3156,11,228,3938,26.0,2914,82.0,41.0,2016,201610,False,26.889360524130296,90.56934575989665,92.81818181818181
1112,SIEMENS,Sep 2017,11065,10008,1056.0,10.0,818,8,198,1669,32.0,1137,32.0,22.0,2017,201710,False,10.275643922277451,90.44735652959784,132.0
1113,SIEMENS,Sep 2018,12795,11468,1327.0,10.0,280,8,198,1402,36.0,901,25.0,28.0,2018,201810,False,7.041813208284486,89.62876123485736,165.875
1114,SIEMENS,Sep 2019,13084,11594,1490.0,11.0,398,12,199,1678,34.0,1099,31.0,23.0,2019,201910,False,8.399571996331396,88.61204524610211,124.16666666666667
1115,SIEMENS,Sep 2020,9946,8944,1003.0,10.0,315,30,252,1036,26.0,769,22.0,32.0,2020,202010,False,7.7317514578725115,89.92559823044441,33.43333333333333
1116,SIEMENS,Sep 2021,13198,11746,1452.0,11.0,321,24,297,1452,25.0,1089,31.0,26.0,2021,202110,False,8.25125018942264,88.99833308076981,60.5
1117,SIEMENS,Sep 2022,16138,14278,1860.0,12.0,487,36,317,1993,23.0,1543,43.0,23.0,2022,202210,False,9.561283926137069,88.47440822902466,51.666666666666664
1118,SIEMENS,Sep 2023,19554,17067,2487.0,13.0,496,23,321,2640,26.0,1962,55.0,18.0,2023,202310,False,10.03375268487266,87.2813746548021,108.1304347826087
1119,SIEMENS,Sep 2024,22240,19136,3104.0,14.0,925,60,330,3639,25.0,2718,76.0,16.0,2024,202410,False,12.221223021582734,86.0431654676259,51.733333333333334
1120,SUNPHARMA,Mar 2013,11131,6346,4784.0,43.0,-90,43,336,4315,20.0,3469,14.0,9.0,2013,201304,False,31.165214266463032,57.01194861198455,111.25581395348837
1121,SUNPHARMA,Mar 2014,16080,9078,7003.0,44.0,-1968,44,409,4581,15.0,3879,15.0,10.0,2014,201404,False,24.12313432835821,56.45522388059702,159.1590909090909
1122,SUNPHARMA,Mar 2015,27392,19498,7894.0,29.0,283,579,1195,6403,14.0,5476,22.0,14.0,2015,201504,False,19.99123831775701,71.18136682242991,13.63385146804836
1123,SUNPHARMA,Mar 2016,28487,20313,8174.0,29.0,-42,523,1038,6571,14.0,5658,19.0,5.0,2016,201604,False,19.861691297784954,71.30620985010707,15.62906309751434
1124,SUNPHARMA,Mar 2017,31578,21476,10102.0,32.0,610,400,1265,9048,13.0,7846,29.0,12.0,2017,201704,False,24.846412059028438,68.00937361454177,25.255
1125,SUNPHARMA,Mar 2018,26489,20858,5631.0,21.0,-135,518,1500,3479,26.0,2542,9.0,23.0,2018,201804,False,9.596436256559326,78.74211937030465,10.87065637065637
1126,SUNPHARMA,Mar 2019,29066,22689,6377.0,22.0,-258,555,1753,3810,16.0,3208,11.0,25.0,2019,201904,False,11.036950388770386,78.0602766118489,11.49009009009009
1127,SUNPHARMA,Mar 2020,32838,25855,6983.0,21.0,382,303,2053,5010,16.0,4172,16.0,25.0,2020,202004,False,12.704793227358548,78.73500213167671,23.046204620462046
1128,SUNPHARMA,Mar 2021,33498,25028,8470.0,25.0,-3449,141,2080,2799,18.0,2272,12.0,62.0,2021,202104,False,6.782494477282226,74.71490835273748,60.0709219858156
1129,SUNPHARMA,Mar 2022,38654,28397,10258.0,27.0,-3505,127,2144,4481,24.0,3389,14.0,73.0,2022,202204,False,8.767527293423708,73.4645832255394,80.77165354330708
1130,SUNPHARMA,Mar 2023,43886,32235,11650.0,27.0,459,172,2529,9408,9.0,8513,35.0,33.0,2023,202304,False,19.39798569019733,73.45167023652189,67.73255813953489
1131,SUNPHARMA,Mar 2024,48497,35479,13018.0,28.0,865,238,2557,11088,13.0,9610,40.0,34.0,2024,202404,False,19.815658700538176,73.15710250118565,54.69747899159664
1132,SUNPHARMA,TTM,50308,36249,14059.0,27.0,1571,239,2554,12837,,11117,46.0,,9999,99999,True,22.09787707720442,72.05414645781984,58.82426778242678
1133,TATACONSUM,Mar 2013,7351,6581,770.0,10.0,56,84,105,637,26.0,445,6.0,36.0,2013,201304,False,6.0535981499115765,89.52523466195076,9.166666666666666
1134,TATACONSUM,Mar 2014,7738,6986,752.0,10.0,170,87,129,707,26.0,510,7.0,29.0,2014,201404,False,6.590850348927371,90.2817265443267,8.64367816091954
1135,TATACONSUM,Mar 2015,7993,7201,792.0,10.0,-77,82,133,500,43.0,273,4.0,6.0,2015,201504,False,3.415488552483423,90.09132991367447,9.658536585365853
1136,TATACONSUM,Mar 2016,6637,6271,366.0,6.0,38,117,117,170,99.0,-37,0.0,-999.0,2016,201604,False,-0.5574807895133344,94.48546029832757,3.128205128205128
1137,TATACONSUM,Mar 2017,6780,5988,791.0,12.0,88,43,126,662,30.0,455,6.0,38.0,2017,201704,False,6.710914454277287,88.31858407079646,18.3953488372093
1138,TATACONSUM,Mar 2018,6815,5976,839.0,12.0,73,52,116,753,25.0,556,8.0,30.0,2018,201804,False,8.158473954512106,87.68892149669846,16.134615384615383
1139,TATACONSUM,Mar 2019,7252,6466,786.0,11.0,124,78,123,735,36.0,457,6.0,39.0,2019,201904,False,6.301709873138445,89.16161059018202,10.076923076923077
1140,TATACONSUM,Mar 2020,9637,8345,1292.0,13.0,-163,69,242,809,34.0,460,5.0,54.0,2020,202004,False,4.77326968973747,86.59333817578084,18.72463768115942
1141,TATACONSUM,Mar 2021,11602,10058,1544.0,13.0,91,73,255,1311,24.0,930,9.0,44.0,2021,202104,False,8.015859334597483,86.69194966385106,21.15068493150685
1142,TATACONSUM,Mar 2022,12425,10707,1719.0,14.0,88,87,278,1456,26.0,1015,10.0,60.0,2022,202204,False,8.169014084507042,86.17303822937626,19.75862068965517
1143,TATACONSUM,Mar 2023,13783,11927,1856.0,13.0,328,130,304,1794,25.0,1320,12.0,65.0,2023,202304,False,9.577015163607342,86.53413625480665,14.276923076923078
1144,TATACONSUM,Mar 2024,15206,12922,2284.0,15.0,-81,87,377,1696,23.0,1215,12.0,64.0,2024,202404,False,7.9902669998684726,84.97961331053531,26.25287356321839
1145,TATACONSUM,TTM,16297,13802,2496.0,15.0,-168,268,499,1560,,1170,12.0,,9999,99999,True,7.1792354421059095,84.69043382217586,9.313432835820896
1146,TATAMOTORS,Mar 2013,188793,164197,24596.0,13.0,213,3560,7601,13647,28.0,9976,35.0,6.0,2013,201304,False,5.284094219595007,86.97197459651575,6.908988764044944
1147,TATAMOTORS,Mar 2014,232834,197980,34853.0,15.0,-157,4749,11078,18869,25.0,14050,48.0,5.0,2014,201404,False,6.034342063444342,85.0305367772748,7.339018740787534
1148,TATAMOTORS,Mar 2015,263159,223920,39239.0,15.0,714,4861,13389,21703,35.0,14073,48.0,0.0,2015,201504,False,5.347717539586334,85.08924262518097,8.072207364739766
1149,TATAMOTORS,Mar 2016,273046,234650,38395.0,14.0,-2670,4889,16711,14126,21.0,11678,40.0,1.0,2016,201604,False,4.276935021937695,85.93790057352973,7.853344242176314
1150,TATAMOTORS,Mar 2017,269693,240104,29589.0,11.0,1869,4238,17905,9315,35.0,7557,26.0,0.0,2017,201704,False,2.8020749518897414,89.02863626419669,6.9818310523832
1151,TATAMOTORS,Mar 2018,291550,260093,31458.0,11.0,5933,4682,21554,11155,39.0,9091,31.0,0.0,2018,201804,False,3.1181615503344196,89.21042702795404,6.7189235369500215
1152,TATAMOTORS,Mar 2019,301938,277274,24664.0,8.0,-26686,5759,23591,-31371,-8.0,-28724,-100.0,0.0,2019,201904,False,-9.513211321529585,91.83143559273759,4.282687966660879
1153,TATAMOTORS,Mar 2020,261068,243081,17987.0,7.0,102,7243,21425,-10580,4.0,-11975,-39.0,0.0,2020,202004,False,-4.586927543781696,93.11022415615855,2.483363247273229
1154,TATAMOTORS,Mar 2021,249795,217507,32287.0,13.0,-11118,8097,23547,-10474,24.0,-13395,-41.0,0.0,2021,202104,False,-5.362397165675854,87.07420084469265,3.987526244288008
1155,TATAMOTORS,Mar 2022,278454,253734,24720.0,9.0,2424,9312,24836,-7003,60.0,-11309,-34.0,0.0,2022,202204,False,-4.061353042154179,91.12241160119804,2.654639175257732
1156,TATAMOTORS,Mar 2023,345967,314151,31816.0,9.0,6664,10225,24860,3394,21.0,2690,7.0,32.0,2023,202304,False,0.7775308049611668,90.80374717819907,3.11158924205379
1157,TATAMOTORS,Mar 2024,437928,378389,59538.0,14.0,5673,9986,27270,27955,-14.0,31807,94.0,7.0,2024,202404,False,7.263066074788551,86.40438610913209,5.962147005808132
1158,TATAMOTORS,TTM,440061,379564,60497.0,14.0,6617,8841,26580,31693,,33816,99.0,,9999,99999,True,7.684389209677748,86.2525877094312,6.842777966293406
1159,TATAPOWER,Mar 2013,33177,27583,5595.0,17.0,375,2642,2052,1277,92.0,123,0.0,-319.0,2013,201304,False,0.37073876480694457,83.13892154203214,2.1177138531415594
1160,TATAPOWER,Mar 2014,35726,28810,6916.0,19.0,229,3440,2730,975,99.0,12,-1.0,-114.0,2014,201404,False,0.033588982813637126,80.64154957174047,2.01046511627907
1161,TATAPOWER,Mar 2015,33593,27292,6301.0,19.0,1056,3699,2174,1484,72.0,457,1.0,210.0,2015,201504,False,1.3604024647992141,81.24311612538327,1.703433360367667
1162,TATAPOWER,Mar 2016,29494,27389,2105.0,7.0,4060,3236,1649,1281,53.0,786,2.0,53.0,2016,201604,False,2.664948803146403,92.8629551773242,0.6504944375772559
1163,TATAPOWER,Mar 2017,27588,22114,5473.0,20.0,1297,3365,1956,1450,24.0,1100,3.0,39.0,2017,201704,False,3.9872408293460926,80.15803972741772,1.626448736998514
1164,TATAPOWER,Mar 2018,26840,24545,2295.0,9.0,6586,3761,2346,2773,6.0,2611,9.0,15.0,2018,201804,False,9.728017883755587,91.44932935916542,0.6102100505184791
1165,TATAPOWER,Mar 2019,29881,26811,3070.0,10.0,7186,4170,2393,3693,29.0,2606,9.0,15.0,2019,201904,False,8.721261001974499,89.72591278738999,0.7362110311750599
1166,TATAPOWER,Mar 2020,29136,22331,6805.0,23.0,2280,4494,2634,1958,33.0,1316,4.0,41.0,2020,202004,False,4.516749038989566,76.6440142778693,1.5142412105028928
1167,TATAPOWER,Mar 2021,32703,25782,6921.0,21.0,1775,4010,2745,1941,26.0,1439,4.0,44.0,2021,202104,False,4.400207931994006,78.83680396293919,1.7259351620947632
1168,TATAPOWER,Mar 2022,42816,35785,7031.0,16.0,2486,3859,3122,2535,15.0,2156,5.0,32.0,2022,202204,False,5.035500747384155,83.5785687593423,1.8219746048199015
1169,TATAPOWER,Mar 2023,55109,47381,7728.0,14.0,5540,4372,3439,5457,30.0,3810,10.0,19.0,2023,202304,False,6.913571285996843,85.97688217895444,1.767612076852699
1170,TATAPOWER,Mar 2024,61449,50714,10735.0,17.0,3416,4633,3786,5732,25.0,4280,12.0,17.0,2024,202404,False,6.965125551270159,82.53022831941935,2.317073170731707
1171,TATAPOWER,TTM,63489,52432,11057.0,17.0,3708,4549,3927,6289,,4403,12.0,,9999,99999,True,6.935059616626502,82.58438469656161,2.430644097603869
1172,TATASTEEL,Mar 2013,134712,130746,3965.0,3.0,1445,3968,5575,-4133,78.0,-7272,-6.0,-11.0,2013,201304,False,-5.398182789951898,97.0559415642259,0.9992439516129032
1173,TATASTEEL,Mar 2014,148614,132430,16184.0,11.0,716,4337,5841,6722,45.0,3665,3.0,27.0,2014,201404,False,2.466120284764558,89.11004346831388,3.731611713165783
1174,TATASTEEL,Mar 2015,139504,136095,3409.0,2.0,5994,4848,5944,-1388,99.0,-3939,-3.0,-20.0,2015,201504,False,-2.8235749512558783,97.55634247046679,0.7031765676567657
1175,TATASTEEL,Mar 2016,101965,102590,-625.0,-1.0,10346,4221,5306,193,99.0,-497,0.0,-203.0,2016,201604,False,-0.4874221546609131,100.61295542588142,-0.1480691779199242
1176,TATASTEEL,Mar 2017,112299,99156,13144.0,12.0,-3789,5072,5673,-1391,99.0,-4169,-4.0,-23.0,2017,201704,False,-3.712410618082084,88.29642294232362,2.591482649842271
1177,TATASTEEL,Mar 2018,123249,101816,21433.0,17.0,10898,5455,5742,21135,16.0,17743,12.0,9.0,2018,201804,False,14.396060008600475,82.61000089250217,3.9290559120073327
1178,TATASTEEL,Mar 2019,157669,128351,29318.0,19.0,1524,7660,7342,15841,42.0,9122,9.0,15.0,2019,201904,False,5.785538057576315,81.40534918087893,3.827415143603133
1179,TATASTEEL,Mar 2020,139817,122354,17463.0,12.0,-2884,7533,8441,-1395,-99.0,1174,1.0,74.0,2020,202004,False,0.8396689959017859,87.51010249111339,2.318199920350458
1180,TATASTEEL,Mar 2021,156294,125790,30504.0,20.0,180,7607,9234,13844,41.0,8190,6.0,40.0,2021,202104,False,5.240124380974318,80.48293600522094,4.009990797949257
1181,TATASTEEL,Mar 2022,243959,180469,63490.0,26.0,1300,5462,9101,50227,17.0,41749,33.0,16.0,2022,202204,False,17.113121467131773,73.97513516615497,11.623947272061516
1182,TATASTEEL,Mar 2023,243353,211053,32300.0,13.0,1569,6299,9335,18235,56.0,8075,7.0,50.0,2023,202304,False,3.3182249653795104,86.72710013848196,5.127798063184632
1183,TATASTEEL,Mar 2024,229171,206923,22248.0,10.0,-6005,7508,9882,-1147,99.0,-4910,-4.0,-101.0,2024,202404,False,-2.1425049417247384,90.29196538829083,2.9632392115077253
1184,TATASTEEL,TTM,221012,195697,25314.0,11.0,371,7394,10269,8022,,2527,2.0,,9999,99999,True,1.1433768302173637,88.54587081244458,3.4235866919123614
1185,TCS,Mar 2013,62989,44950,18040.0,29.0,1178,48,1080,18090,22.0,14076,36.0,31.0,2013,201304,False,22.346758957913288,71.36166632269126,375.8333333333333
1186,TCS,Mar 2014,81809,56657,25153.0,31.0,1637,39,1349,25402,24.0,19332,49.0,33.0,2014,201404,False,23.630651884267014,69.25521641873144,644.9487179487179
1187,TCS,Mar 2015,94648,70167,24482.0,26.0,3720,104,1799,26298,24.0,20060,51.0,78.0,2015,201504,False,21.194320006761895,74.13468853013269,235.40384615384616
1188,TCS,Mar 2016,108646,77969,30677.0,28.0,3084,33,1888,31840,24.0,24338,62.0,35.0,2016,201604,False,22.401192864900686,71.76426191484269,929.6060606060606
1189,TCS,Mar 2017,117966,85655,32311.0,27.0,4221,32,1987,34513,24.0,26357,67.0,35.0,2017,201704,False,22.342878456504415,72.60990454876828,1009.71875
1190,TCS,Mar 2018,123104,90588,32516.0,26.0,3642,52,2014,34092,24.0,25880,67.0,37.0,2018,201804,False,21.02287496750715,73.58656095658955,625.3076923076923
1191,TCS,Mar 2019,146463,106957,39506.0,27.0,4311,198,2056,41563,24.0,31562,84.0,36.0,2019,201904,False,21.549469831971216,73.02663471320402,199.5252525252525
1192,TCS,Mar 2020,156949,114840,42109.0,27.0,4592,924,3529,42248,23.0,32447,86.0,85.0,2020,202004,False,20.673594607165384,73.17026550025804,45.57251082251082
1193,TCS,Mar 2021,164177,117631,46546.0,28.0,1916,637,4065,43760,26.0,32562,88.0,43.0,2021,202104,False,19.833472410873632,71.64889113578637,73.07064364207221
1194,TCS,Mar 2022,191754,138697,53057.0,28.0,4018,784,4604,51687,26.0,38449,105.0,41.0,2022,202204,False,20.051211448001087,72.33069453570721,67.67474489795919
1195,TCS,Mar 2023,225458,166199,59259.0,26.0,3449,779,5022,56907,26.0,42303,115.0,100.0,2023,202304,False,18.763139919630266,73.71616886515449,76.07060333761233
1196,TCS,Mar 2024,240893,176597,64296.0,27.0,3464,778,4985,61997,26.0,46099,127.0,58.0,2024,202404,False,19.136712150207767,73.30931160307689,82.6426735218509
1197,TCS,TTM,252082,184491,67591.0,27.0,4091,795,5109,65778,,49006,135.0,,9999,99999,True,19.440499519997463,73.18689950095603,85.02012578616352
1198,TECHM,Mar 2013,6873,5451,1422.0,21.0,-141,103,200,978,24.0,1307,25.0,5.0,2013,201304,False,19.01644114651535,79.3103448275862,13.805825242718447
1199,TECHM,Mar 2014,18802,14630,4172.0,22.0,244,80,522,3815,20.0,3062,32.0,15.0,2014,201404,False,16.28550154238911,77.8108711839166,52.15
1200,TECHM,Mar 2015,22621,18428,4193.0,19.0,106,69,611,3618,27.0,2659,27.0,22.0,2015,201504,False,11.754564342867248,81.46412625436541,60.768115942028984
1201,TECHM,Mar 2016,26494,22234,4260.0,16.0,453,97,759,3857,22.0,3027,31.0,35.0,2016,201604,False,11.425228353589493,83.92088774816939,43.91752577319588
1202,TECHM,Mar 2017,29141,24956,4184.0,14.0,775,129,978,3853,26.0,2851,29.0,28.0,2017,201704,False,9.783466593459387,85.63879070725096,32.434108527131784
1203,TECHM,Mar 2018,30773,26063,4710.0,15.0,1417,162,1085,4879,22.0,3786,39.0,33.0,2018,201804,False,12.302992883371786,84.69437493906996,29.074074074074073
1204,TECHM,Mar 2019,34742,28471,6271.0,18.0,534,133,1129,5543,23.0,4289,44.0,29.0,2019,201904,False,12.345288123884636,81.94980139312648,47.150375939849624
1205,TECHM,Mar 2020,36868,31365,5503.0,15.0,1192,192,1446,5058,23.0,3897,42.0,32.0,2020,202004,False,10.570142128675274,85.0737767169361,28.661458333333332
1206,TECHM,Mar 2021,37855,31059,6796.0,18.0,788,174,1458,5953,27.0,4353,46.0,89.0,2021,202104,False,11.499141460837405,82.04728569541672,39.05747126436781
1207,TECHM,Mar 2022,44646,36626,8020.0,18.0,1115,163,1520,7452,24.0,5630,57.0,47.0,2022,202204,False,12.610312234018725,82.03646463288985,49.20245398773006
1208,TECHM,Mar 2023,53290,45527,7763.0,15.0,965,326,1957,6446,25.0,4857,50.0,91.0,2023,202304,False,9.11428035278664,85.43253893788703,23.812883435582823
1209,TECHM,Mar 2024,51996,47489,4506.0,9.0,927,392,1817,3224,26.0,2397,24.0,150.0,2024,202404,False,4.60996999769213,91.33202554042619,11.494897959183673
1210,TECHM,TTM,52476,46253,6223.0,12.0,1072,295,1852,5148,,3775,38.0,,9999,99999,True,7.193764768656148,88.14124552176233,21.09491525423729
1211,TITAN,Mar 2013,10123,9109,1014.0,10.0,99,51,56,1006,28.0,725,8.0,26.0,2013,201304,False,7.161908525140769,89.98320655932037,19.88235294117647
1212,TITAN,Mar 2014,10927,9880,1047.0,10.0,117,87,68,1010,27.0,735,8.0,25.0,2014,201404,False,6.726457399103139,90.41823007229797,12.03448275862069
1213,TITAN,Mar 2015,11913,10761,1153.0,10.0,67,81,90,1049,22.0,816,9.0,25.0,2015,201504,False,6.849660035255603,90.32989171493327,14.234567901234568
1214,TITAN,Mar 2016,11276,10337,939.0,8.0,69,42,98,868,22.0,675,8.0,29.0,2016,201604,False,5.9861653068464,91.67257892869813,22.357142857142858
1215,TITAN,Mar 2017,13261,12097,1164.0,9.0,-42,38,111,973,28.0,697,8.0,32.0,2017,201704,False,5.256013875273358,91.22238141919915,30.63157894736842
1216,TITAN,Mar 2018,16120,14476,1644.0,10.0,70,53,131,1530,28.0,1102,13.0,29.0,2018,201804,False,6.836228287841191,89.8014888337469,31.0188679245283
1217,TITAN,Mar 2019,19779,17785,1994.0,10.0,178,53,163,1957,29.0,1389,16.0,32.0,2019,201904,False,7.022599726983164,89.91860053592194,37.62264150943396
1218,TITAN,Mar 2020,21052,18589,2463.0,12.0,153,166,348,2102,29.0,1493,17.0,24.0,2020,202004,False,7.091962758882767,88.30039901197036,14.837349397590362
1219,TITAN,Mar 2021,21644,19919,1725.0,8.0,180,203,375,1327,27.0,974,11.0,37.0,2021,202104,False,4.500092404361486,92.03012382184438,8.497536945812808
1220,TITAN,Mar 2022,28799,25455,3344.0,12.0,177,218,399,2904,24.0,2198,24.0,31.0,2022,202204,False,7.632209451717073,88.38848571130941,15.339449541284404
1221,TITAN,Mar 2023,40575,35693,4882.0,12.0,306,300,441,4447,26.0,3274,37.0,27.0,2023,202304,False,8.069008009858287,87.96796056685152,16.273333333333333
1222,TITAN,Mar 2024,51084,45792,5292.0,10.0,534,619,584,4623,24.0,3496,39.0,28.0,2024,202404,False,6.843630099444054,89.64059196617336,8.549273021001616
1223,TITAN,TTM,54458,49219,5239.0,10.0,538,840,647,4290,,3243,37.0,,9999,99999,True,5.955047926842704,90.37974218663925,6.2369047619047615
1224,TORNTPHARM,Mar 2013,3203,2506,697.0,22.0,1,34,83,582,25.0,435,13.0,45.0,2013,201304,False,13.581017795816422,78.23915079612863,20.5
1225,TORNTPHARM,Mar 2014,4172,3216,955.0,23.0,34,59,87,844,21.0,664,20.0,25.0,2014,201404,False,15.915627996164908,77.08533077660594,16.1864406779661
1226,TORNTPHARM,Mar 2015,4636,3616,1020.0,22.0,286,175,191,940,20.0,751,22.0,25.0,2015,201504,False,16.199309749784298,77.99827437446073,5.828571428571428
1227,TORNTPHARM,Mar 2016,6687,3954,2733.0,41.0,32,184,238,2343,26.0,1733,51.0,34.0,2016,201604,False,25.915956333183786,59.12965455361149,14.853260869565217
1228,TORNTPHARM,Mar 2017,5816,4438,1377.0,24.0,223,206,307,1088,14.0,934,28.0,25.0,2017,201704,False,16.059147180192575,76.30674002751032,6.684466019417476
1229,TORNTPHARM,Mar 2018,5950,4601,1349.0,23.0,299,308,409,931,27.0,678,20.0,35.0,2018,201804,False,11.394957983193276,77.32773109243698,4.37987012987013
1230,TORNTPHARM,Mar 2019,7673,5690,1983.0,26.0,-300,504,618,562,22.0,436,13.0,66.0,2019,201904,False,5.682262478821843,74.15613189104653,3.9345238095238093
1231,TORNTPHARM,Mar 2020,7939,5769,2170.0,27.0,121,451,654,1187,14.0,1025,30.0,53.0,2020,202004,False,12.910945962967629,72.66658269303439,4.811529933481153
1232,TORNTPHARM,Mar 2021,8005,5524,2480.0,31.0,57,353,658,1526,18.0,1252,37.0,47.0,2021,202104,False,15.640224859462837,69.00687070580886,7.025495750708215
1233,TORNTPHARM,Mar 2022,8508,6077,2431.0,29.0,-288,255,662,1226,37.0,777,23.0,105.0,2022,202204,False,9.132581100141044,71.42689233662435,9.533333333333333
1234,TORNTPHARM,Mar 2023,9620,6778,2842.0,30.0,45,333,707,1847,33.0,1245,37.0,60.0,2023,202304,False,12.941787941787942,70.45738045738045,8.534534534534535
1235,TORNTPHARM,Mar 2024,10728,7360,3368.0,31.0,146,354,808,2352,30.0,1656,49.0,57.0,2024,202404,False,15.436241610738255,68.6055182699478,9.514124293785311
1236,TORNTPHARM,TTM,11302,7662,3640.0,32.0,72,276,797,2639,,1862,55.0,,9999,99999,True,16.474960184038224,67.79331091842153,13.18840579710145
1237,TRENT,Mar 2013,2132,2128,5.0,0.0,58,29,45,-10,99.0,-27,-1.0,-87.0,2013,201304,False,-1.2664165103189493,99.812382739212,0.1724137931034483
1238,TRENT,Mar 2014,2333,2343,-10.0,0.0,91,26,54,1,99.0,-19,-1.0,-125.0,2014,201404,False,-0.8144020574367767,100.42863266180883,-0.38461538461538464
1239,TRENT,Mar 2015,2284,2196,88.0,4.0,208,22,75,200,35.0,129,4.0,26.0,2015,201504,False,5.64798598949212,96.14711033274956,4.0
1240,TRENT,Mar 2016,1686,1596,90.0,5.0,86,48,39,90,39.0,55,2.0,54.0,2016,201604,False,3.262158956109134,94.66192170818505,1.875
1241,TRENT,Mar 2017,1812,1679,134.0,7.0,81,46,41,128,34.0,85,3.0,39.0,2017,201704,False,4.690949227373068,92.66004415011038,2.9130434782608696
1242,TRENT,Mar 2018,2157,1949,208.0,10.0,27,44,46,147,41.0,87,3.0,44.0,2018,201804,False,4.033379694019471,90.3569772832638,4.7272727272727275
1243,TRENT,Mar 2019,2630,2390,241.0,9.0,30,51,52,165,44.0,95,3.0,45.0,2019,201904,False,3.6121673003802277,90.8745247148289,4.7254901960784315
1244,TRENT,Mar 2020,3486,2957,529.0,15.0,147,263,247,165,36.0,106,3.0,29.0,2020,202004,False,3.040734366035571,84.82501434308664,2.011406844106464
1245,TRENT,Mar 2021,2593,2479,114.0,4.0,199,261,257,-205,-12.0,-181,-4.0,-15.0,2021,202104,False,-6.980331662167373,95.60354801388354,0.4367816091954023
1246,TRENT,Mar 2022,4498,3903,595.0,13.0,152,325,311,111,69.0,35,3.0,57.0,2022,202204,False,0.7781236104935527,86.7718986216096,1.8307692307692307
1247,TRENT,Mar 2023,8242,7128,1114.0,14.0,341,409,494,552,29.0,394,13.0,18.0,2023,202304,False,4.780393108468818,86.48386314001456,2.7237163814180927
1248,TRENT,Mar 2024,12375,10404,1971.0,16.0,989,368,671,1921,23.0,1477,42.0,8.0,2024,202404,False,11.935353535353535,84.07272727272728,5.355978260869565
1249,TRENT,TTM,15025,12672,2354.0,16.0,960,196,756,2362,,1809,51.0,,9999,99999,True,12.039933444259567,84.33943427620633,12.010204081632653
1250,TVSMOTOR,Mar 2013,7510,7072,438.0,6.0,130,103,176,290,32.0,198,4.0,30.0,2013,201304,False,2.6364846870838883,94.16777629826898,4.252427184466019
1251,TVSMOTOR,Mar 2014,8384,7892,492.0,6.0,44,80,149,307,39.0,187,4.0,37.0,2014,201404,False,2.23043893129771,94.13167938931298,6.15
1252,TVSMOTOR,Mar 2015,10256,9650,605.0,6.0,80,62,179,444,28.0,328,7.0,28.0,2015,201504,False,3.1981279251170043,94.09126365054603,9.758064516129032
1253,TVSMOTOR,Mar 2016,11377,10558,819.0,7.0,93,70,262,580,26.0,429,9.0,28.0,2016,201604,False,3.7707655796782986,92.80126571152326,11.7
1254,TVSMOTOR,Mar 2017,12463,11591,871.0,7.0,163,60,317,658,23.0,509,11.0,23.0,2017,201704,False,4.084088903153334,93.00328973762336,14.516666666666667
1255,TVSMOTOR,Mar 2018,16340,14769,1571.0,10.0,71,338,374,931,29.0,665,14.0,24.0,2018,201804,False,4.069767441860465,90.38555691554467,4.64792899408284
1256,TVSMOTOR,Mar 2019,20160,17997,2163.0,11.0,25,663,442,1083,33.0,725,15.0,24.0,2019,201904,False,3.5962301587301586,89.27083333333333,3.262443438914027
1257,TVSMOTOR,Mar 2020,18849,16585,2264.0,12.0,12,855,556,865,25.0,647,13.0,27.0,2020,202004,False,3.4325428404689906,87.98875271897714,2.647953216374269
1258,TVSMOTOR,Mar 2021,19421,17189,2232.0,11.0,36,881,565,822,26.0,608,13.0,28.0,2021,202104,False,3.1306317903300553,88.50728592760414,2.533484676503973
1259,TVSMOTOR,Mar 2022,24355,21601,2755.0,11.0,-5,940,743,1067,31.0,731,16.0,24.0,2022,202204,False,3.0014370765756517,88.69226031615685,2.9308510638297873
1260,TVSMOTOR,Mar 2023,31974,27947,4027.0,13.0,136,1368,859,1936,32.0,1309,28.0,18.0,2023,202304,False,4.093951335460061,87.40539188090324,2.943713450292398
1261,TVSMOTOR,Mar 2024,39145,33645,5500.0,14.0,106,1928,975,2703,34.0,1779,36.0,23.0,2024,202404,False,4.544641716694342,85.94967428790395,2.8526970954356847
1262,TVSMOTOR,TTM,42886,36696,6190.0,14.0,95,2064,1038,3182,,2094,42.0,,9999,99999,True,4.882712307046589,85.56638530056429,2.999031007751938
1263,ULTRACEMCO,Mar 2013,20514,15674,4839.0,24.0,304,252,1023,3867,30.0,2688,98.0,9.0,2013,201304,False,13.10324656332261,76.40635663449352,19.202380952380953
1264,ULTRACEMCO,Mar 2014,20730,16695,4035.0,19.0,322,361,1139,2858,23.0,2213,80.0,11.0,2014,201404,False,10.675349734684032,80.53545586107091,11.177285318559557
1265,ULTRACEMCO,Mar 2015,23306,18881,4425.0,19.0,350,587,1203,2986,30.0,2102,76.0,12.0,2015,201504,False,9.019136702994937,81.01347292542694,7.538330494037479
1266,ULTRACEMCO,Mar 2016,25153,20252,4901.0,19.0,464,566,1377,3421,28.0,2480,90.0,11.0,2016,201604,False,9.859658887607841,80.51524669025564,8.659010600706713
1267,ULTRACEMCO,Mar 2017,25375,20162,5212.0,21.0,648,640,1348,3872,30.0,2714,99.0,10.0,2017,201704,False,10.695566502463054,79.45615763546799,8.14375
1268,ULTRACEMCO,Mar 2018,30979,24834,6145.0,20.0,242,1238,1848,3301,33.0,2224,81.0,13.0,2018,201804,False,7.179056780399626,80.16398205235805,4.963651050080776
1269,ULTRACEMCO,Mar 2019,41462,34115,7347.0,18.0,350,1778,2451,3468,31.0,2400,88.0,13.0,2019,201904,False,5.788432781824321,82.2801601466403,4.132170978627672
1270,ULTRACEMCO,Mar 2020,42430,33184,9246.0,22.0,651,1992,2723,5183,-11.0,5751,199.0,7.0,2020,202004,False,13.5540890879095,78.2088145180297,4.641566265060241
1271,ULTRACEMCO,Mar 2021,44726,33158,11568.0,26.0,619,1486,2700,8001,32.0,5462,189.0,20.0,2021,202104,False,12.212136117694406,74.13584939408845,7.784656796769852
1272,ULTRACEMCO,Mar 2022,52599,41084,11514.0,22.0,669,945,2715,8524,14.0,7334,254.0,15.0,2022,202204,False,13.94323085990228,78.10794882031978,12.184126984126983
1273,ULTRACEMCO,Mar 2023,63240,52620,10620.0,17.0,507,823,2888,7416,32.0,5073,175.0,22.0,2023,202304,False,8.021821631878558,83.20683111954459,12.90400972053463
1274,ULTRACEMCO,Mar 2024,70908,57940,12969.0,18.0,567,968,3145,9422,26.0,7004,243.0,29.0,2024,202404,False,9.877587860326056,81.71151351046426,13.397727272727273
1275,ULTRACEMCO,TTM,71317,59261,12056.0,17.0,739,1216,3478,8101,,6252,216.0,,9999,99999,True,8.766493262475986,83.09519469411221,9.914473684210526
1276,UNIONBANK,Mar 2013,25169,7268,325.0,1.0,2868,17575,156,3037,30.0,2146,36.0,22.0,2013,201304,False,8.52636179427073,28.87679288013032,0.01849217638691323
1277,UNIONBANK,Mar 2014,29394,8829,-902.0,-3.0,3141,21467,198,2040,18.0,1687,27.0,15.0,2014,201404,False,5.739266516976254,30.036742192284137,-0.042017981087250196
1278,UNIONBANK,Mar 2015,32164,9498,-973.0,-3.0,3957,23640,225,2759,36.0,1771,28.0,22.0,2015,201504,False,5.506155950752394,29.529909215271733,-0.041159052453468695
1279,UNIONBANK,Mar 2016,32316,10349,-1928.0,-6.0,3934,23894,249,1758,24.0,1347,20.0,10.0,2016,201604,False,4.168213887857409,32.024384205966086,-0.08068971289863563
1280,UNIONBANK,Mar 2017,32817,13871,-4830.0,-15.0,5430,23771,241,359,-58.0,573,8.0,0.0,2017,201704,False,1.7460462565133925,42.26772709266539,-0.2031887594127298
1281,UNIONBANK,Mar 2018,32952,21181,-11700.0,-36.0,5462,23471,368,-6607,-21.0,-5212,-45.0,0.0,2018,201804,False,-15.816945860645786,64.27834425831513,-0.498487495206851
1282,UNIONBANK,Mar 2019,34314,19019,-8601.0,-25.0,5042,23896,374,-3933,-25.0,-2922,-17.0,0.0,2019,201904,False,-8.515474733344991,55.42635658914728,-0.35993471710746566
1283,UNIONBANK,Mar 2020,37479,21166,-9523.0,-25.0,5789,25837,417,-4151,-27.0,-3121,-9.0,0.0,2020,202004,False,-8.327329971450679,56.474292270338054,-0.3685799434918915
1284,UNIONBANK,Mar 2021,69311,36270,-11071.0,-16.0,14307,44112,908,2327,-22.0,2863,4.0,0.0,2021,202104,False,4.130657471397036,52.329356090663815,-0.250974791439971
1285,UNIONBANK,Mar 2022,68230,32264,-4213.0,-6.0,13524,40178,745,8566,39.0,5265,8.0,25.0,2022,202204,False,7.71654697347208,47.28711710391323,-0.10485838020807407
1286,UNIONBANK,Mar 2023,81163,36155,-3024.0,-4.0,15915,48033,745,12147,31.0,8512,12.0,24.0,2023,202304,False,10.48753742468859,44.54616019614849,-0.0629567172568859
1287,UNIONBANK,Mar 2024,100376,32422,4590.0,5.0,17813,63364,895,21508,36.0,13797,18.0,20.0,2024,202404,False,13.745317605802185,32.300549932254725,0.07243860867369484
1288,UNIONBANK,TTM,107058,35514,2090.0,2.0,20440,69454,0,22530,,16344,21.0,,9999,99999,True,15.266491060920249,33.1726727568234,0.030091859360152042
1289,UNITDSPR,Mar 2013,10378,9287,1091.0,11.0,146,985,178,73,99.0,-105,-2.0,-31.0,2013,201304,False,-1.0117556369242628,89.48737714395837,1.1076142131979696
1290,UNITDSPR,Mar 2014,10508,13876,-3368.0,-32.0,681,1323,203,-4213,7.0,-4489,-62.0,0.0,2014,201404,False,-42.719832508564906,132.0517700799391,-2.54572940287226
1291,UNITDSPR,Mar 2015,9254,9619,-366.0,-4.0,-360,687,223,-1635,3.0,-1687,-23.0,0.0,2015,201504,False,-18.22995461422088,103.9442403285066,-0.5327510917030568
1292,UNITDSPR,Mar 2016,8495,8162,333.0,4.0,648,457,157,366,61.0,143,2.0,0.0,2016,201604,False,1.683343143025309,96.08004708652147,0.7286652078774617
1293,UNITDSPR,Mar 2017,8818,7826,991.0,11.0,-265,375,189,163,43.0,93,1.0,0.0,2017,201704,False,1.0546609208437288,88.75028351100023,2.6426666666666665
1294,UNITDSPR,Mar 2018,8591,7381,1209.0,14.0,172,278,192,912,28.0,652,9.0,0.0,2018,201804,False,7.58933767896636,85.91549295774648,4.348920863309353
1295,UNITDSPR,Mar 2019,9341,7947,1394.0,15.0,70,237,215,1012,32.0,684,10.0,0.0,2019,201904,False,7.322556471469864,85.07654426720907,5.881856540084388
1296,UNITDSPR,Mar 2020,9325,7756,1569.0,17.0,89,212,285,1160,47.0,621,9.0,0.0,2020,202004,False,6.659517426273459,83.17426273458445,7.400943396226415
1297,UNITDSPR,Mar 2021,8131,7080,1051.0,13.0,-25,188,299,540,33.0,362,5.0,0.0,2021,202104,False,4.452096913048825,87.07416061984996,5.590425531914893
1298,UNITDSPR,Mar 2022,9712,8117,1595.0,16.0,-117,88,304,1087,25.0,811,11.0,0.0,2022,202204,False,8.350494233937397,83.57701812191104,18.125
1299,UNITDSPR,Mar 2023,10612,9195,1417.0,13.0,249,104,283,1279,12.0,1126,16.0,0.0,2023,202304,False,10.610629476064833,86.64719185827366,13.625
1300,UNITDSPR,Mar 2024,11321,9321,2000.0,18.0,208,76,275,1857,24.0,1408,19.0,46.0,2024,202404,False,12.437063863616288,82.33371610281777,26.31578947368421
1301,UNITDSPR,TTM,11821,9710,2111.0,18.0,176,96,286,1905,,1402,19.0,,9999,99999,True,11.860248709923018,82.14195076558667,21.989583333333332
1302,VBL,Dec 2012,1800,1572,228.0,13.0,44,116,136,21,-20.0,25,2.0,0.0,2012,201201,False,1.3888888888888888,87.33333333333333,1.9655172413793103
1303,VBL,Dec 2013,2115,1824,291.0,14.0,19,171,184,-46,-11.0,-40,0.0,0.0,2013,201301,False,-1.8912529550827424,86.24113475177305,1.7017543859649122
1304,VBL,Dec 2014,2502,2116,387.0,15.0,14,187,210,4,99.0,-20,0.0,0.0,2014,201401,False,-0.7993605115907274,84.57234212629896,2.06951871657754
1305,VBL,Dec 2015,3394,2752,642.0,19.0,36,170,317,191,41.0,113,1.0,0.0,2015,201501,False,3.3294048320565706,81.08426635238656,3.776470588235294
1306,VBL,Dec 2016,3861,3052,810.0,21.0,27,435,322,79,39.0,48,0.0,0.0,2016,201601,False,1.2432012432012431,79.04687904687904,1.8620689655172413
1307,VBL,Dec 2017,4004,3165,838.0,21.0,14,215,347,291,26.0,214,1.0,22.0,2017,201701,False,5.344655344655345,79.04595404595405,3.8976744186046512
1308,VBL,Dec 2018,5105,4069,1036.0,20.0,6,223,385,434,31.0,300,1.0,16.0,2018,201801,False,5.8765915768854065,79.70617042115573,4.645739910313901
1309,VBL,Dec 2019,7130,5667,1462.0,21.0,47,324,489,696,32.0,472,1.0,15.0,2019,201901,False,6.6199158485273495,79.48106591865358,4.512345679012346
1310,VBL,Dec 2020,6450,5235,1215.0,19.0,-30,294,529,363,1.0,357,1.0,22.0,2020,202001,False,5.534883720930233,81.16279069767441,4.13265306122449
1311,VBL,Dec 2021,8823,7129,1694.0,19.0,51,207,531,1007,26.0,746,2.0,16.0,2021,202101,False,8.455173977105293,80.80018134421398,8.183574879227054
1312,VBL,Dec 2022,13173,10310,2863.0,22.0,-18,204,617,2024,23.0,1550,5.0,15.0,2022,202201,False,11.766492067106961,78.26615045927275,14.034313725490197
1313,VBL,Dec 2023,16043,12326,3717.0,23.0,-5,292,681,2739,23.0,2102,6.0,16.0,2023,202301,False,13.102287602069437,76.83101664277255,12.729452054794521
1314,VBL,TTM,18987,14438,4549.0,24.0,86,415,853,3367,,2582,8.0,,9999,99999,True,13.598778111339339,76.04150208037078,10.96144578313253
1315,VEDL,Mar 2013,2749,2283,465.0,17.0,33,475,197,-174,-25.0,2280,26.0,0.0,2013,201304,False,82.93925063659513,83.04838122953801,0.9789473684210527
1316,VEDL,Mar 2014,66152,46557,19595.0,30.0,1874,5094,6882,9493,-9.0,11421,21.0,15.0,2014,201404,False,17.2647841335107,70.37882452533559,3.8466823714173537
1317,VEDL,Mar 2015,73710,51595,22114.0,30.0,-19222,5659,7159,-9925,15.0,-11369,-53.0,-8.0,2015,201504,False,-15.423958757292091,69.99728666395333,3.907757554338222
1318,VEDL,Mar 2016,64262,82741,-18479.0,-29.0,4290,5778,8572,-28540,-37.0,-17862,-41.0,-8.0,2016,201604,False,-27.795586816470074,128.7557187762597,-3.198165455174801
1319,VEDL,Mar 2017,72225,50849,21376.0,30.0,4423,5855,6292,13652,17.0,11316,23.0,83.0,2017,201704,False,15.667705088265835,70.40359986154378,3.6508966695132368
1320,VEDL,Mar 2018,91866,66989,24877.0,27.0,6087,5112,6283,19569,30.0,13692,28.0,76.0,2018,201804,False,14.904317157599111,72.92034049593974,4.866392801251957
1321,VEDL,Mar 2019,92048,68877,23171.0,25.0,4270,5689,8192,13560,28.0,9698,19.0,99.0,2019,201904,False,10.535807404832262,74.82726403615504,4.072947793988399
1322,VEDL,Mar 2020,84447,63704,20743.0,25.0,-14932,4977,9093,-8259,-43.0,-4744,-18.0,-22.0,2020,202004,False,-5.617724726751691,75.43666441673476,4.167771750050231
1323,VEDL,Mar 2021,88021,60703,27318.0,31.0,2743,5210,7638,17213,13.0,15032,31.0,30.0,2021,202104,False,17.07774281137456,68.96422444643892,5.243378119001919
1324,VEDL,Mar 2022,132732,87908,44824.0,34.0,1832,4797,8895,32964,28.0,23710,51.0,89.0,2022,202204,False,17.863062411475756,66.22969592863815,9.344173441734418
1325,VEDL,Mar 2023,147308,112877,34431.0,23.0,2625,6225,10555,20276,28.0,14503,28.0,357.0,2023,202304,False,9.845358025361826,76.6265240177044,5.531084337349397
1326,VEDL,Mar 2024,143727,108415,35312.0,25.0,5239,9465,10723,20363,63.0,7539,11.0,259.0,2024,202404,False,5.245360996889937,75.43119942669088,3.730797675647121
1327,VEDL,TTM,144448,107376,37072.0,26.0,5266,9721,10958,21659,,15841,30.0,,9999,99999,True,10.966576207354896,74.33540097474524,3.8135994239275797
1328,WIPRO,Mar 2013,37430,29773,7657.0,20.0,1440,289,940,7869,21.0,6182,5.0,28.0,2013,201304,False,16.516163505209725,79.54314720812182,26.494809688581316
1329,WIPRO,Mar 2014,43424,33788,9635.0,22.0,1922,383,1060,10114,21.0,7991,6.0,25.0,2014,201404,False,18.40226602800295,77.80950626381724,25.156657963446474
1330,WIPRO,Mar 2015,46951,36652,10299.0,22.0,2450,350,1175,11224,22.0,8714,7.0,34.0,2015,201504,False,18.559775084662732,78.06436497625184,29.425714285714285
1331,WIPRO,Mar 2016,51244,40448,10796.0,21.0,2752,558,1496,11494,22.0,8957,7.0,17.0,2016,201604,False,17.47911950667395,78.93216766840996,19.34767025089606
1332,WIPRO,Mar 2017,55448,44128,11321.0,20.0,2623,594,2310,11039,23.0,8518,7.0,6.0,2017,201704,False,15.362141105179628,79.58447554465445,19.05892255892256
1333,WIPRO,Mar 2018,54487,44100,10387.0,19.0,2550,583,2112,10242,22.0,8003,7.0,6.0,2018,201804,False,14.687907207223741,80.93673720336962,17.81646655231561
1334,WIPRO,Mar 2019,59019,47406,11613.0,20.0,2614,738,1947,11542,22.0,9018,7.0,7.0,2019,201904,False,15.27982514105627,80.3232857215473,15.735772357723578
1335,WIPRO,Mar 2020,61138,48795,12342.0,20.0,2728,733,2086,12252,20.0,9772,9.0,6.0,2020,202004,False,15.983512708953516,79.811246687821,16.837653478854026
1336,WIPRO,Mar 2021,61935,47164,14771.0,24.0,2404,509,2763,13903,22.0,10868,10.0,5.0,2021,202104,False,17.547428755953824,76.15080326148382,29.019646365422396
1337,WIPRO,Mar 2022,79312,62628,16684.0,21.0,2067,532,3078,15141,19.0,12243,11.0,27.0,2022,202204,False,15.436503933830947,78.96409118418399,31.360902255639097
1338,WIPRO,Mar 2023,90488,73649,16839.0,19.0,2275,1008,3340,14766,23.0,11366,10.0,5.0,2023,202304,False,12.560781540093712,81.39090266112635,16.705357142857142
1339,WIPRO,Mar 2024,89760,73008,16752.0,19.0,2631,1255,3407,14721,25.0,11112,11.0,5.0,2024,202404,False,12.379679144385026,81.33689839572192,13.34820717131474
1340,WIPRO,TTM,88792,71019,17773.0,20.0,3349,1431,3077,16615,,12488,12.0,,9999,99999,True,14.064330119830615,79.98355707721416,12.41998602375961
1341,ZOMATO,Mar 2018,466,558,-92.0,-20.0,21,6,29,-107,0.0,-107,-3070.0,0.0,2018,201804,False,-22.96137339055794,119.74248927038627,-15.333333333333334
1342,ZOMATO,Mar 2019,1313,3556,-2243.0,-171.0,1285,9,43,-1010,0.0,-1010,-28574.0,0.0,2019,201904,False,-76.92307692307693,270.8301599390708,-249.22222222222223
1343,ZOMATO,Mar 2020,2605,4909,-2305.0,-88.0,16,13,84,-2386,0.0,-2386,-70097.0,0.0,2020,202004,False,-91.59309021113243,188.44529750479845,-177.30769230769232
1344,ZOMATO,Mar 2021,1994,2461,-467.0,-23.0,-200,10,138,-815,0.0,-816,-23124.0,0.0,2021,202104,False,-40.92276830491474,123.42026078234704,-46.7
1345,ZOMATO,Mar 2022,4192,6043,-1851.0,-44.0,793,12,150,-1220,0.0,-1222,-2.0,0.0,2022,202204,False,-29.150763358778626,144.15553435114504,-154.25
1346,ZOMATO,Mar 2023,7079,8290,-1211.0,-17.0,682,49,437,-1015,-4.0,-971,-1.0,0.0,2023,202304,False,-13.7166266421811,117.10693600791072,-24.714285714285715
1347,ZOMATO,Mar 2024,12114,12071,43.0,0.0,846,72,526,291,-21.0,351,0.0,0.0,2024,202404,False,2.8974739970282317,99.64503879808487,0.5972222222222222
1348,ZOMATO,TTM,17972,17321,651.0,4.0,944,118,716,761,,663,1.0,,9999,99999,True,3.689071889606054,96.37769864233252,5.516949152542373
1349,ZYDUSLIFE,Mar 2013,6358,5228,1130.0,18.0,32,169,185,809,15.0,690,6.0,24.0,2013,201304,False,10.85246932997798,82.22711544510852,6.686390532544379
1350,ZYDUSLIFE,Mar 2014,7224,6021,1203.0,17.0,30,90,201,942,11.0,836,8.0,23.0,2014,201404,False,11.572535991140642,83.34717607973423,13.366666666666667
1351,ZYDUSLIFE,Mar 2015,8651,6896,1756.0,20.0,45,68,287,1446,18.0,1188,11.0,21.0,2015,201504,False,13.732516472084152,79.7133279389666,25.823529411764707
1352,ZYDUSLIFE,Mar 2016,9427,7095,2332.0,25.0,112,53,292,2099,8.0,1964,19.0,17.0,2016,201604,False,20.83377532619073,75.26254375729287,44.0
1353,ZYDUSLIFE,Mar 2017,9376,7474,1902.0,20.0,127,45,373,1612,8.0,1517,15.0,22.0,2017,201704,False,16.179607508532424,79.71416382252559,42.266666666666666
1354,ZYDUSLIFE,Mar 2018,11905,9074,2831.0,24.0,111,91,539,2312,24.0,1810,17.0,20.0,2018,201804,False,15.203695926081478,76.22007559848804,31.10989010989011
1355,ZYDUSLIFE,Mar 2019,13166,10174,2991.0,23.0,183,194,599,2382,22.0,1899,18.0,19.0,2019,201904,False,14.42351511468935,77.27479872398602,15.417525773195877
1356,ZYDUSLIFE,Mar 2020,14253,11455,2798.0,20.0,-264,342,696,1495,21.0,1204,11.0,30.0,2020,202004,False,8.447344418718867,80.36904511330948,8.181286549707602
1357,ZYDUSLIFE,Mar 2021,14404,11013,3391.0,24.0,-231,159,670,2331,8.0,2185,21.0,17.0,2021,202104,False,15.169397389613994,76.45792835323522,21.32704402515723
1358,ZYDUSLIFE,Mar 2022,15110,11768,3342.0,22.0,2581,127,713,5084,10.0,4618,44.0,6.0,2022,202204,False,30.562541363335537,77.88219722038386,26.31496062992126
1359,ZYDUSLIFE,Mar 2023,17237,13378,3860.0,22.0,-422,130,723,2585,23.0,2092,19.0,31.0,2023,202304,False,12.136682717410222,77.61211347682311,29.692307692307693
1360,ZYDUSLIFE,Mar 2024,19547,14163,5384.0,28.0,293,81,764,4832,20.0,3973,38.0,8.0,2024,202404,False,20.32536962193687,72.45613137565867,66.46913580246914
1361,ZYDUSLIFE,TTM,21484,15205,6278.0,29.0,351,112,849,5668,,4439,43.0,,9999,99999,True,20.661887916589087,70.77359895736362,56.05357142857143
1362,INDIGO,Mar 2013,9203,73,8348.0,855.0,9,296,86,993,21.0,787,25647.0,70.0,2013,201304,False,8.551559274149733,0.7932196023035967,28.2027027027027
1363,INDIGO,Mar 2014,11117,123,10684.0,433.0,4,391,226,475,0.0,474,15454.0,80.0,2014,201404,False,4.263740217684627,1.1064136007915804,27.324808184143222
1364,INDIGO,Mar 2015,13925,150,12022.0,1904.0,14,395,302,1847,29.0,1304,42481.0,83.0,2015,201504,False,9.364452423698385,1.0771992818671454,30.435443037974682
1365,INDIGO,Mar 2016,16140,350,12976.0,3164.0,20,515,505,2824,30.0,1986,55.0,27.0,2016,201604,False,12.304832713754648,2.168525402726146,25.19611650485437
1366,INDIGO,Mar 2017,18580,406,16362.0,2219.0,12,789,457,2144,23.0,1659,46.0,74.0,2017,201704,False,8.928955866523143,2.1851453175457483,20.73764258555133
1367,INDIGO,Mar 2018,23021,413,19991.0,3030.0,13,947,437,3127,28.0,2242,58.0,10.0,2018,201804,False,9.738934016767299,1.79401416098345,21.109820485744457
1368,INDIGO,Mar 2019,28497,563,28648.0,-151.0,-1,1325,760,-149,-99.0,156,4.0,123.0,2019,201904,False,0.547426044846826,1.9756465592869425,21.6211320754717
1369,INDIGO,Mar 2020,35756,1902,31687.0,4069.0,11,1531,3974,-275,-10.0,-248,-6.0,0.0,2020,202004,False,-0.69358988701197,5.31938695603535,20.696930111038537
1370,INDIGO,Mar 2021,14641,2170,14638.0,2.0,0,1036,4699,-5830,0.0,-6171,-151.0,0.0,2021,202104,False,-42.14876033057851,14.821391981422034,14.12934362934363
1371,INDIGO,Mar 2022,25931,2386,25373.0,558.0,2,725,5068,-6171,0.0,-317,-160.0,0.0,2022,202204,False,-1.2224750298870077,9.201342023061201,34.997241379310346
1372,INDIGO,Mar 2023,54446,3168,47926.0,6521.0,12,1431,5101,-317,0.0,-317,-8.0,0.0,2023,202304,False,-0.582228262865959,5.8186092642251035,33.49126484975542
1373,INDIGO,Mar 2024,68904,4805,52573.0,16331.0,24,2326,6406,8043,-2.0,8167,212.0,0.0,2024,202404,False,11.852722628584697,6.973470335539302,22.60232158211522
1374,INDIGO,TTM,76476,0,60568.0,15908.0,21,3034,7955,6182,,6074,157.0,,9999,99999,True,7.942361002144463,0.0,19.96308503625577
